SERIAL,CUSTOMER_REF,TIMESTAMP,OBIS,DATE,TIME,AVG._IMPORT_KW (kW),IMPORT_KWH (kWh),AVG._EXPORT_KW (kW),EXPORT_KWH (kWh),AVG._IMPORT_KVA (kVA),AVG._EXPORT_KVA (kVA),PHASE_A_INST._CURRENT (A),PHASE_A_INST._VOLTAGE (V),INST._POWER_FACTOR
22734933,701440707,1.75E+12,LP,12/07/2025,15:45:00,0,4845.7481,1.6624,8817.716,0,1.6689,6.8021,245.1001,-0.987
22734933,701440707,1.75E+12,LP,12/07/2025,15:30:00,0,4845.7481,2.0721,8817.301,0,2.0781,8.478,244.8,-1
22734933,701440707,1.75E+12,LP,12/07/2025,15:15:00,0,4845.7481,2.1454,8816.783,0,2.1573,8.9,242.1001,-0.989
22734933,701440707,1.75E+12,LP,12/07/2025,15:00:00,0,4845.7481,1.7994,8816.247,0,1.8185,7.526,241.3,-1
22734933,701440707,1.75E+12,LP,12/07/2025,14:45:00,0,4845.7481,2.122,8815.798,0,2.1381,8.767,243.3,-1
22734933,701440707,1.75E+12,LP,12/07/2025,14:30:00,0,4845.7481,1.956,8815.268,0,1.9705,8.105,242.7001,-0.995
22734933,701440707,1.75E+12,LP,12/07/2025,14:15:00,0,4845.7481,1.3247,8814.779,0,1.3567,5.6001,242.1001,-0.833
22734933,701440707,1.75E+12,LP,12/07/2025,14:00:00,0,4845.7481,1.6672,8814.448,0,1.6972,6.902,245.5,-0.921
22734933,701440707,1.75E+12,LP,12/07/2025,13:45:00,0,4845.7481,1.3301,8814.0321,0,1.3705,5.667,241.6001,-0.99
22734933,701440707,1.75E+12,LP,12/07/2025,13:30:00,0,4845.7481,1.1883,8813.699,0,1.2451,5.11,243.6001,-0.966
22734933,701440707,1.75E+12,LP,12/07/2025,13:15:00,0.0177,4845.7481,0.664,8813.402,0.0337,0.7022,2.965,248.4,-0.951
22734933,701440707,1.75E+12,LP,12/07/2025,13:00:00,0.0025,4845.745,1.997,8813.2371,0.0067,2.0129,8.003,251.4,-1
22734933,701440707,1.75E+12,LP,12/07/2025,12:45:00,0.0695,4845.744,1.4015,8812.7371,0.0818,1.4178,5.961,250.4,-0.998
22734933,701440707,1.75E+12,LP,12/07/2025,12:30:00,0.0685,4845.727,1.8739,8812.387,0.0876,1.9084,7.944,250,-0.988
22734933,701440707,1.75E+12,LP,12/07/2025,12:15:00,0.0719,4845.711,2.1528,8811.919,0.0915,2.1819,9.079,249.1001,-0.986
22734933,701440707,1.75E+12,LP,12/07/2025,12:00:00,0.0114,4845.693,1.8697,8811.383,0.0245,1.9066,7.821,246,-0.937
22734933,701440707,1.75E+12,LP,12/07/2025,11:45:00,0.2886,4845.691,1.3849,8810.915,0.3271,1.4109,6.915,249.4,0.708
22734933,701440707,1.75E+12,LP,12/07/2025,11:30:00,0.2062,4845.62,1.8227,8810.572,0.228,1.8614,8.357,248.3,-0.996
22734933,701440707,1.75E+12,LP,12/07/2025,11:15:00,0.3498,4845.569,1.3457,8810.116,0.3785,1.3915,7.069,249.8,-0.795
22734933,701440707,1.75E+12,LP,12/07/2025,11:00:00,0.6936,4845.483,0.8793,8809.778,0.7223,0.9359,6.667,248.5,-0.927
22734933,701440707,1.75E+12,LP,12/07/2025,10:45:00,0.7553,4845.313,0.6239,8809.56,0.7908,0.6787,5.9751,246.1001,-0.881
22734933,701440707,1.75E+12,LP,12/07/2025,10:30:00,0.026,4845.125,2.4208,8809.404,0.0272,2.435,9.865,249.3,-0.999
22734933,701440707,1.75E+12,LP,12/07/2025,10:15:00,0.014,4845.119,2.9693,8808.799,0.0138,2.9738,12.006,248.1001,0.5631
22734933,701440707,1.75E+12,LP,12/07/2025,10:00:00,0,4845.116,2.4799,8808.057,0,2.4852,10.186,243.7001,-1
22734933,701440707,1.75E+12,LP,12/07/2025,09:45:00,0.0016,4845.116,1.6989,8807.437,0.0043,1.7099,6.944,244.6001,-1
22734933,701440707,1.75E+12,LP,12/07/2025,09:30:00,0,4845.116,2.33,8807.0141,0,2.3369,9.417,246.9,-0.868
22734933,701440707,1.75E+12,LP,12/07/2025,09:15:00,0,4845.116,1.3233,8806.431,0,1.3349,5.452,243.6001,-0.993
22734933,701440707,1.75E+12,LP,12/07/2025,09:00:00,0,4845.116,1.4974,8806.101,0,1.5037,6.194,242.6001,-0.989
22734933,701440707,1.75E+12,LP,12/07/2025,08:45:00,0,4845.116,1.3073,8805.726,0,1.3153,5.429,242.2001,-0.985
22734933,701440707,1.75E+12,LP,12/07/2025,08:30:00,0,4845.116,1.5439,8805.399,0,1.552,6.404,242.1001,-0.993
22734933,701440707,1.75E+12,LP,12/07/2025,08:15:00,0,4845.116,1.661,8805.013,0,1.6702,6.87,242.3,-0.99
22734933,701440707,1.75E+12,LP,12/07/2025,08:00:00,0,4845.116,0.9887,8804.598,0,1.0026,4.151,241.1001,-0.957
22734933,701440707,1.75E+12,LP,12/07/2025,07:45:00,0.1564,4845.116,0.315,8804.351,0.2275,0.3588,2.442,238.4,-0.999
22734933,701440707,1.75E+12,LP,12/07/2025,07:30:00,0.587,4845.078,0,8804.2731,0.6386,0,2.695,236.5,0.869
22734933,701440707,1.75E+12,LP,12/07/2025,07:15:00,0.7465,4844.9311,0,8804.2731,0.796,0,3.323,239.6001,0.981
22734933,701440707,1.75E+12,LP,12/07/2025,07:00:00,0.8764,4844.744,0,8804.2731,0.9104,0,3.8081,239,0.9551
22734933,701440707,1.75E+12,LP,12/07/2025,06:45:00,0.806,4844.5251,0,8804.2731,0.8413,0,3.49,240.9,0.9411
22734933,701440707,1.75E+12,LP,12/07/2025,06:30:00,0.9653,4844.3241,0,8804.2731,0.9942,0,4.125,240.9,0.97
22734933,701440707,1.75E+12,LP,12/07/2025,06:15:00,1.0533,4844.0831,0,8804.2731,1.1118,0,4.626,240.3,0.975
22734933,701440707,1.75E+12,LP,12/07/2025,06:00:00,1.1647,4843.819,0,8804.2731,1.219,0,5.1161,238.4,0.9391
22734933,701440707,1.75E+12,LP,12/07/2025,05:45:00,1.2545,4843.528,0,8804.2731,1.3007,0,5.501,236.5,0.9491
22734933,701440707,1.75E+12,LP,12/07/2025,05:30:00,0.9585,4843.214,0,8804.2731,0.9964,0,4.218,237.6001,0.9541
22734933,701440707,1.75E+12,LP,12/07/2025,05:15:00,1.156,4843.011,0,8804.2731,1.211,0,5.074,238.8,0.9411
22734933,701440707,1.75E+12,LP,12/07/2025,05:00:00,1.176,4842.722,0,8804.2731,1.229,0,5.146,238.8,0.9501
22734933,701440707,1.75E+12,LP,12/07/2025,04:45:00,1.2571,4842.428,0,8804.2731,1.3079,0,5.482,238.6001,0.986
22734933,701440707,1.75E+12,LP,12/07/2025,04:30:00,1.1703,4842.1141,0,8804.2731,1.2243,0,5.13,238.7001,0.9511
22734933,701440707,1.75E+12,LP,12/07/2025,04:15:00,1.2648,4841.821,0,8804.2731,1.316,0,5.509,238.9,0.9471
22734933,701440707,1.75E+12,LP,12/07/2025,04:00:00,1.1718,4841.505,0,8804.2731,1.2272,0,5.14,238.8,0.9531
22734933,701440707,1.75E+12,LP,12/07/2025,03:45:00,1.2062,4841.212,0,8804.2731,1.257,0,5.282,238,0.9471
22734933,701440707,1.75E+12,LP,12/07/2025,03:30:00,1.3512,4840.911,0,8804.2731,1.3942,0,5.881,237.1001,0.985
22734933,701440707,1.75E+12,LP,12/07/2025,03:15:00,1.2415,4840.573,0,8804.2731,1.2953,0,5.422,238.9,0.983
22734933,701440707,1.75E+12,LP,12/07/2025,03:00:00,1.2522,4840.263,0,8804.2731,1.3045,0,5.476,238.3,0.986
22734933,701440707,1.75E+12,LP,12/07/2025,02:45:00,1.2379,4839.95,0,8804.2731,1.2869,0,5.396,238.5,0.9511
22734933,701440707,1.75E+12,LP,12/07/2025,02:30:00,1.2134,4839.6411,0,8804.2731,1.2665,0,5.306,238.7001,0.98
22734933,701440707,1.75E+12,LP,12/07/2025,02:15:00,1.29,4839.338,0,8804.2731,1.3379,0,5.603,238.8,0.9551
22734933,701440707,1.75E+12,LP,12/07/2025,02:00:00,1.3401,4839.015,0,8804.2731,1.3881,0,5.8101,238.9,0.9461
22734933,701440707,1.75E+12,LP,12/07/2025,01:45:00,1.3293,4838.6811,0,8804.2731,1.3779,0,5.7621,239.1001,0.9501
22734933,701440707,1.75E+12,LP,12/07/2025,01:30:00,1.3719,4838.348,0,8804.2731,1.4134,0,5.98,236.3,0.9501
22734933,701440707,1.75E+12,LP,12/07/2025,01:15:00,0.9575,4838.005,0,8804.2731,0.998,0,4.265,234.7001,0.96
22734933,701440707,1.75E+12,LP,12/07/2025,01:00:00,0.5063,4837.765,0,8804.2731,0.557,0,2.331,238.7001,0.936
22734933,701440707,1.75E+12,LP,12/07/2025,00:45:00,0.6912,4837.638,0,8804.2731,0.7481,0,3.103,241,0.887
22734933,701440707,1.75E+12,LP,12/07/2025,00:30:00,0.71,4837.465,0,8804.2731,0.7663,0,3.197,239.9,0.909
22734933,701440707,1.75E+12,LP,12/07/2025,00:15:00,0.7877,4837.2881,0,8804.2731,0.8413,0,3.531,238.4,0.929
22734933,701440707,1.75E+12,LP,12/07/2025,00:00:00,0.79,4837.091,0,8804.2731,0.8425,0,3.5181,239.5,0.929
22734933,701440707,1.75E+12,LP,11/07/2025,23:45:00,0.8455,4836.894,0,8804.2731,0.9025,0,3.757,240.4,1
22734933,701440707,1.75E+12,LP,11/07/2025,23:30:00,1.0572,4836.683,0,8804.2731,1.1112,0,4.657,238.7001,0.9541
22734933,701440707,1.75E+12,LP,11/07/2025,23:15:00,1.1508,4836.418,0,8804.2731,1.2066,0,5.035,239.7001,0.9571
22734933,701440707,1.75E+12,LP,11/07/2025,23:00:00,1.4279,4836.131,0,8804.2731,1.4769,0,6.1611,239.7001,0.961
22734933,701440707,1.75E+12,LP,11/07/2025,22:45:00,1.8377,4835.774,0,8804.2731,1.8814,0,7.78,242,0.967
22734933,701440707,1.75E+12,LP,11/07/2025,22:30:00,2.6739,4835.314,0,8804.2731,2.7059,0,11.396,237.7001,0.98
22734933,701440707,1.75E+12,LP,11/07/2025,22:15:00,3.5379,4834.646,0,8804.2731,3.5569,0,15.1071,235.4,0.978
22734933,701440707,1.75E+12,LP,11/07/2025,22:00:00,3.6032,4833.762,0,8804.2731,3.6257,0,15.376,235.8,0.997
22734933,701440707,1.75E+12,LP,11/07/2025,21:45:00,3.6105,4832.861,0,8804.2731,3.6318,0,15.43,235.3,0.995
22734933,701440707,1.75E+12,LP,11/07/2025,21:30:00,3.544,4831.9581,0,8804.2731,3.5622,0,15.135,235.3,0.993
22734933,701440707,1.75E+12,LP,11/07/2025,21:15:00,3.4634,4831.0741,0,8804.2731,3.4805,0,14.8091,235,0.961
22734933,701440707,1.75E+12,LP,11/07/2025,21:00:00,3.4344,4830.207,0,8804.2731,3.4512,0,14.7161,234.5,1
22734933,701440707,1.75E+12,LP,11/07/2025,20:45:00,3.4698,4829.349,0,8804.2731,3.4887,0,14.787,235.9,1
22734933,701440707,1.75E+12,LP,11/07/2025,20:30:00,3.4542,4828.483,0,8804.2731,3.4754,0,14.759,235.4,0.994
22734933,701440707,1.75E+12,LP,11/07/2025,20:15:00,3.6884,4827.619,0,8804.2731,3.701,0,15.846,233.7001,0.994
22734933,701440707,1.75E+12,LP,11/07/2025,20:00:00,3.5565,4826.697,0,8804.2731,3.5674,0,15.287,233.5,0.998
22734933,701440707,1.75E+12,LP,11/07/2025,19:45:00,3.2539,4825.807,0,8804.2731,3.2684,0,13.944,234.3,0.994
22734933,701440707,1.75E+12,LP,11/07/2025,19:30:00,3.2072,4824.994,0,8804.2731,3.2204,0,13.856,232.4,0.995
22734933,701440707,1.75E+12,LP,11/07/2025,19:15:00,3.2094,4824.192,0,8804.2731,3.2223,0,13.948,231,0.995
22734933,701440707,1.75E+12,LP,11/07/2025,19:00:00,3.2174,4823.39,0,8804.2731,3.2385,0,13.9311,232.4,0.995
22734933,701440707,1.75E+12,LP,11/07/2025,18:45:00,3.2747,4822.586,0,8804.2731,3.3183,0,14.209,233.5,1
22734933,701440707,1.75E+12,LP,11/07/2025,18:30:00,0.0162,4821.765,0,8804.2731,0.2682,0.001,1.127,238.8,0.5751
22734933,701440707,1.75E+12,LP,11/07/2025,18:15:00,0.0015,4821.761,0.0255,8804.2731,0.0821,0.1834,1.11,239,0.0261
22734933,701440707,1.75E+12,LP,11/07/2025,18:00:00,0.2828,4821.761,0.0064,8804.266,0.3443,0.0389,1.599,239.4,-0.162
22734933,701440707,1.75E+12,LP,11/07/2025,17:45:00,0.2554,4821.691,0.0039,8804.266,0.337,0.0097,1.441,240.4,0.804
22734933,701440707,1.75E+12,LP,11/07/2025,17:30:00,0.0859,4821.628,0.1196,8804.265,0.1514,0.1539,1.274,239.5,0.719
22734933,701440707,1.75E+12,LP,11/07/2025,17:15:00,0,4821.607,0.3336,8804.236,0,0.3882,1.607,241.2001,-0.892
22734933,701440707,1.75E+12,LP,11/07/2025,17:00:00,0,4821.607,0.5909,8804.153,0,0.6084,2.512,242.1001,-0.969
22734933,701440707,1.75E+12,LP,11/07/2025,16:45:00,0,4821.607,0.788,8804.0051,0,0.8028,3.303,242.9,-0.964
22734933,701440707,1.75E+12,LP,11/07/2025,16:30:00,0,4821.607,1.4122,8803.808,0,1.4195,5.764,246.1001,-0.994
22734933,701440707,1.75E+12,LP,11/07/2025,16:15:00,0,4821.607,1.3672,8803.455,0,1.3727,5.5681,246.2001,-0.958
22734933,701440707,1.75E+12,LP,11/07/2025,16:00:00,0,4821.607,1.2762,8803.113,0,1.2832,5.227,244.9,-0.987
22734933,701440707,1.75E+12,LP,11/07/2025,15:45:00,0,4821.607,2.3538,8802.794,0,2.3572,9.507,247.6001,-1
22734933,701440707,1.75E+12,LP,11/07/2025,15:30:00,0,4821.607,1.8538,8802.206,0,1.861,7.563,245.7001,-0.984
22734933,701440707,1.75E+12,LP,11/07/2025,15:15:00,0,4821.607,2.051,8801.743,0,2.0581,8.314,247.2001,-0.998
22734933,701440707,1.75E+12,LP,11/07/2025,15:00:00,0,4821.607,2.3168,8801.23,0,2.322,9.32,249,-0.99
22734933,701440707,1.75E+12,LP,11/07/2025,14:45:00,0,4821.607,2.6417,8800.651,0,2.6477,10.744,246.2001,-0.952
22734933,701440707,1.75E+12,LP,11/07/2025,14:30:00,0,4821.607,2.689,8799.991,0,2.6948,10.903,246.6001,-0.993
22734933,701440707,1.75E+12,LP,11/07/2025,14:15:00,0,4821.607,2.5903,8799.319,0,2.5958,10.504,246.7001,-0.996
22734933,701440707,1.75E+12,LP,11/07/2025,14:00:00,0,4821.607,2.1229,8798.671,0,2.1288,8.664,245.3,-1
22734933,701440707,1.75E+12,LP,11/07/2025,13:45:00,0.0351,4821.607,2.604,8798.1391,0.0362,2.6129,10.627,248.1001,-0.941
22734933,701440707,1.75E+12,LP,11/07/2025,13:30:00,0.002,4821.599,2.584,8797.49,0.006,2.5973,10.412,248.7001,-0.988
22734933,701440707,1.75E+12,LP,11/07/2025,13:15:00,0.0037,4821.599,2.5348,8796.845,0.0088,2.5478,10.2161,248.5,-0.989
22734933,701440707,1.75E+12,LP,11/07/2025,13:00:00,0.002,4821.598,2.4963,8796.213,0.0059,2.5108,10.083,247.8,-0.996
22734933,701440707,1.75E+12,LP,11/07/2025,12:45:00,0.0027,4821.598,1.8907,8795.589,0.0088,1.9163,7.6851,248.6001,-0.996
22734933,701440707,1.75E+12,LP,11/07/2025,12:30:00,0.0176,4821.598,2.1173,8795.117,0.0245,2.1281,8.5431,249.9,0.5661
22734933,701440707,1.75E+12,LP,11/07/2025,12:15:00,0.0025,4821.594,2.422,8794.591,0.0066,2.4333,9.696,250.8,-0.999
22734933,701440707,1.75E+12,LP,11/07/2025,12:00:00,0.0029,4821.594,2.1776,8793.986,0.007,2.1855,8.831,247.2001,-0.998
22734933,701440707,1.75E+12,LP,11/07/2025,11:45:00,0.0019,4821.593,2.5369,8793.443,0.0055,2.548,10.23,247.7001,-1
22734933,701440707,1.75E+12,LP,11/07/2025,11:30:00,0,4821.593,2.9053,8792.811,0,2.9104,11.696,248.3,-1
22734933,701440707,1.75E+12,LP,11/07/2025,11:15:00,0,4821.593,1.5234,8792.083,0,1.5472,6.422,240,-0.998
22734933,701440707,1.75E+12,LP,11/07/2025,11:00:00,0,4821.593,2.5083,8791.703,0,2.5304,10.344,243.8,-0.952
22734933,701440707,1.75E+12,LP,11/07/2025,10:45:00,0,4821.593,2.3506,8791.0761,0,2.3763,9.578,247.9,-0.99
22734933,701440707,1.75E+12,LP,11/07/2025,10:30:00,0.1993,4821.593,1.22,8790.488,0.212,1.2696,6.04,244.8,-0.993
22734933,701440707,1.75E+12,LP,11/07/2025,10:15:00,0.3338,4821.544,1.3906,8790.183,0.3667,1.4335,7.272,245.2001,-0.871
22734933,701440707,1.75E+12,LP,11/07/2025,10:00:00,0,4821.461,3.9055,8789.838,0,3.9092,15.829,246.9,-0.999
22734933,701440707,1.75E+12,LP,11/07/2025,09:45:00,0,4821.461,3.6355,8788.861,0,3.6398,14.626,248.8,-0.997
22734933,701440707,1.75E+12,LP,11/07/2025,09:30:00,0,4821.461,3.511,8787.952,0,3.5142,14.186,247.6001,-0.999
22734933,701440707,1.75E+12,LP,11/07/2025,09:15:00,0,4821.461,3.2136,8787.074,0,3.22,13.113,245.2001,-0.995
22734933,701440707,1.75E+12,LP,11/07/2025,09:00:00,0,4821.461,2.4013,8786.269,0,2.4061,9.8701,243.4,-0.99
22734933,701440707,1.75E+12,LP,11/07/2025,08:45:00,0,4821.461,1.672,8785.669,0,1.6809,6.9431,241.7001,-1
22734933,701440707,1.75E+12,LP,11/07/2025,08:30:00,0,4821.461,1.7685,8785.25,0,1.7794,7.309,242.9,-0.978
22734933,701440707,1.75E+12,LP,11/07/2025,08:15:00,0,4821.461,0.9144,8784.808,0,0.9586,3.9371,242.1001,-1
22734933,701440707,1.75E+12,LP,11/07/2025,08:00:00,0,4821.461,0.4425,8784.579,0,0.5175,2.149,240.6001,-0.916
22734933,701440707,1.75E+12,LP,11/07/2025,07:45:00,0.0417,4821.461,0.2203,8784.4691,0.146,0.2821,1.7811,240.3,-0.201
22734933,701440707,1.75E+12,LP,11/07/2025,07:30:00,0.0215,4821.452,0.2977,8784.415,0.0605,0.3938,1.8961,239.3,0.028
22734933,701440707,1.75E+12,LP,11/07/2025,07:15:00,0.0125,4821.447,0.282,8784.339,0.0829,0.3778,1.9121,240.9,-0.021
22734933,701440707,1.75E+12,LP,11/07/2025,07:00:00,0.0502,4821.444,0.0167,8784.269,0.226,0.0929,1.326,240.4,0.0861
22734933,701440707,1.75E+12,LP,11/07/2025,06:45:00,0.0832,4821.433,0.0907,8784.266,0.1385,0.2007,1.407,241.1001,0.706
22734933,701440707,1.75E+12,LP,11/07/2025,06:30:00,0.1768,4821.4131,0,8784.244,0.4193,0,1.748,239.7001,0.269
22734933,701440707,1.75E+12,LP,11/07/2025,06:15:00,0.3426,4821.368,0,8784.244,0.4937,0,2.079,237.7001,0.4751
22734933,701440707,1.75E+12,LP,11/07/2025,06:00:00,0.3833,4821.283,0,8784.244,0.4428,0,1.867,236.8,0.838
22734933,701440707,1.75E+12,LP,11/07/2025,05:45:00,0.3445,4821.187,0,8784.244,0.404,0,1.707,236.8,0.8151
22734933,701440707,1.75E+12,LP,11/07/2025,05:30:00,0.348,4821.1,0,8784.244,0.4071,0,1.723,236.4,0.8221
22734933,701440707,1.75E+12,LP,11/07/2025,05:15:00,0.3466,4821.013,0,8784.244,0.4055,0,1.701,238.1001,0.8181
22734933,701440707,1.75E+12,LP,11/07/2025,05:00:00,0.3446,4820.927,0,8784.244,0.4053,0,1.687,240,0.8131
22734933,701440707,1.75E+12,LP,11/07/2025,04:45:00,0.7324,4820.841,0,8784.244,0.7761,0,3.246,239.9,0.854
22734933,701440707,1.75E+12,LP,11/07/2025,04:30:00,1.1545,4820.658,0,8784.244,1.1865,0,4.958,239.7001,0.976
22734933,701440707,1.75E+12,LP,11/07/2025,04:15:00,1.2987,4820.369,0,8784.244,1.3307,0,5.55,240.3,0.974
22734933,701440707,1.75E+12,LP,11/07/2025,04:00:00,1.1726,4820.044,0,8784.244,1.2097,0,5.072,239.1001,0.966
22734933,701440707,1.75E+12,LP,11/07/2025,03:45:00,1.4928,4819.752,0,8784.244,1.5234,0,6.3791,238.9,0.99
22734933,701440707,1.75E+12,LP,11/07/2025,03:30:00,1.3065,4819.378,0,8784.244,1.3398,0,5.579,240.2001,0.975
22734933,701440707,1.75E+12,LP,11/07/2025,03:15:00,1.2077,4819.052,0,8784.244,1.2425,0,5.168,240.5,0.974
22734933,701440707,1.75E+12,LP,11/07/2025,03:00:00,1.271,4818.75,0,8784.244,1.307,0,5.422,241.1001,0.99
22734933,701440707,1.75E+12,LP,11/07/2025,02:45:00,1.5082,4818.432,0,8784.244,1.5374,0,6.457,238.1001,1
22734933,701440707,1.75E+12,LP,11/07/2025,02:30:00,1.28,4818.054,0,8784.244,1.3136,0,5.5121,238.6001,0.978
22734933,701440707,1.75E+12,LP,11/07/2025,02:15:00,1.5002,4817.734,0,8784.244,1.5307,0,6.425,238.3,0.965
22734933,701440707,1.75E+12,LP,11/07/2025,02:00:00,1.2622,4817.359,0,8784.244,1.2936,0,5.445,237.8,0.977
22734933,701440707,1.75E+12,LP,11/07/2025,01:45:00,1.4731,4817.045,0,8784.244,1.5025,0,6.2861,239,0.989
22734933,701440707,1.75E+12,LP,11/07/2025,01:30:00,1.5194,4816.676,0,8784.244,1.5493,0,6.463,239.7001,0.976
22734933,701440707,1.75E+12,LP,11/07/2025,01:15:00,1.5454,4816.2971,0,8784.244,1.5759,0,6.586,239.3,1
22734933,701440707,1.75E+12,LP,11/07/2025,01:00:00,1.5364,4815.911,0,8784.244,1.5642,0,6.556,238.6001,0.989
22734933,701440707,1.75E+12,LP,11/07/2025,00:45:00,1.5417,4815.527,0,8784.244,1.5697,0,6.604,237.7001,0.987
22734933,701440707,1.75E+12,LP,11/07/2025,00:30:00,1.4914,4815.142,0,8784.244,1.5192,0,6.383,238,0.9501
22734933,701440707,1.75E+12,LP,11/07/2025,00:15:00,1.5279,4814.77,0,8784.244,1.5579,0,6.503,239.6001,0.991
22734933,701440707,1.75E+12,LP,11/07/2025,00:00:00,1.5656,4814.388,0,8784.244,1.5964,0,6.667,239.4,1
22734933,701440707,1.75E+12,LP,10/07/2025,23:45:00,1.532,4813.996,0,8784.244,1.5605,0,6.5761,237.3,1
22734933,701440707,1.75E+12,LP,10/07/2025,23:30:00,1.579,4813.613,0,8784.244,1.6024,0,6.8181,235.1001,0.991
22734933,701440707,1.75E+12,LP,10/07/2025,23:15:00,1.6184,4813.218,0,8784.244,1.6442,0,6.9511,236.5,0.981
22734933,701440707,1.75E+12,LP,10/07/2025,23:00:00,1.6489,4812.814,0,8784.244,1.6763,0,7.11,235.7001,0.9421
22734933,701440707,1.75E+12,LP,10/07/2025,22:45:00,1.6843,4812.401,0,8784.244,1.7062,0,7.258,235,0.984
22734933,701440707,1.75E+12,LP,10/07/2025,22:30:00,1.71,4811.9801,0,8784.244,1.7309,0,7.324,236.3,0.988
22734933,701440707,1.75E+12,LP,10/07/2025,22:15:00,1.8502,4811.553,0,8784.244,1.8715,0,7.809,239.6001,0.985
22734933,701440707,1.75E+12,LP,10/07/2025,22:00:00,1.8577,4811.091,0,8784.244,1.879,0,7.899,237.9,0.99
22734933,701440707,1.75E+12,LP,10/07/2025,21:45:00,1.5772,4810.626,0,8784.244,1.5975,0,6.706,238.1001,0.986
22734933,701440707,1.75E+12,LP,10/07/2025,21:30:00,1.5864,4810.232,0,8784.244,1.6082,0,6.727,239,0.988
22734933,701440707,1.75E+12,LP,10/07/2025,21:15:00,1.6579,4809.835,0,8784.244,1.6769,0,7.034,238.3,0.986
22734933,701440707,1.75E+12,LP,10/07/2025,21:00:00,1.6902,4809.421,0,8784.244,1.7111,0,7.167,238.7001,0.988
22734933,701440707,1.75E+12,LP,10/07/2025,20:45:00,1.691,4808.9981,0,8784.244,1.7129,0,7.183,238.4,0.988
22734933,701440707,1.75E+12,LP,10/07/2025,20:30:00,1.751,4808.576,0,8784.244,1.7715,0,7.458,237.5,0.96
22734933,701440707,1.75E+12,LP,10/07/2025,20:15:00,1.7922,4808.138,0,8784.244,1.8122,0,7.6531,236.7001,0.988
22734933,701440707,1.75E+12,LP,10/07/2025,20:00:00,1.7652,4807.6901,0,8784.244,1.7864,0,7.567,236,0.99
22734933,701440707,1.75E+12,LP,10/07/2025,19:45:00,1.6692,4807.249,0,8784.244,1.6952,0,7.195,235.6001,0.984
22734933,701440707,1.75E+12,LP,10/07/2025,19:30:00,1.8462,4806.831,0,8784.244,1.8715,0,7.886,237.3,0.985
22734933,701440707,1.75E+12,LP,10/07/2025,19:15:00,1.9671,4806.37,0,8784.244,1.99,0,8.41,236.6001,0.986
22734933,701440707,1.75E+12,LP,10/07/2025,19:00:00,2.2505,4805.878,0,8784.244,2.2734,0,9.609,236.6001,0.99
22734933,701440707,1.75E+12,LP,10/07/2025,18:45:00,2.586,4805.316,0,8784.244,2.6042,0,10.9821,237.1001,0.993
22734933,701440707,1.75E+12,LP,10/07/2025,18:30:00,3.044,4804.669,0,8784.244,3.0714,0,12.968,236.9,0.994
22734933,701440707,1.75E+12,LP,10/07/2025,18:15:00,3.3229,4803.908,0,8784.244,3.3662,0,14.2931,235.5,0.981
22734933,701440707,1.75E+12,LP,10/07/2025,18:00:00,3.4414,4803.078,0,8784.244,3.487,0,14.859,234.6001,0.989
22734933,701440707,1.75E+12,LP,10/07/2025,17:45:00,3.4093,4802.218,0,8784.244,3.4578,0,14.69,235.3,0.986
22734933,701440707,1.75E+12,LP,10/07/2025,17:30:00,3.4624,4801.365,0,8784.244,3.5148,0,14.847,236.7001,0.971
22734933,701440707,1.75E+12,LP,10/07/2025,17:15:00,2.8885,4800.499,0,8784.244,2.9255,0,12.288,238,0.987
22734933,701440707,1.75E+12,LP,10/07/2025,17:00:00,2.6747,4799.777,0,8784.244,2.7134,0,11.381,238.4,0.993
22734933,701440707,1.75E+12,LP,10/07/2025,16:45:00,2.527,4799.108,0,8784.244,2.564,0,10.7581,238.3,0.986
22734933,701440707,1.75E+12,LP,10/07/2025,16:30:00,2.4655,4798.477,0,8784.244,2.5104,0,10.489,239.3,0.984
22734933,701440707,1.75E+12,LP,10/07/2025,16:15:00,2.4298,4797.86,0,8784.244,2.4948,0,10.351,241,0.981
22734933,701440707,1.75E+12,LP,10/07/2025,16:00:00,1.0419,4797.253,0,8784.244,1.1467,0,4.69,245.2001,0.966
22734933,701440707,1.75E+12,LP,10/07/2025,15:45:00,0.8111,4796.992,0,8784.244,0.9088,0,3.68,246.8,0.862
22734933,701440707,1.75E+12,LP,10/07/2025,15:30:00,0.9014,4796.789,0,8784.244,0.9855,0,4.034,244.2001,0.91
22734933,701440707,1.75E+12,LP,10/07/2025,15:15:00,0.725,4796.564,0,8784.244,0.8309,0,3.392,244.9,0.902
22734933,701440707,1.75E+12,LP,10/07/2025,15:00:00,0.4855,4796.3821,0,8784.244,0.6337,0,2.581,245.3,0.8291
22734933,701440707,1.75E+12,LP,10/07/2025,14:45:00,0.2664,4796.261,0,8784.244,0.4858,0,1.981,245.1001,0.601
22734933,701440707,1.75E+12,LP,10/07/2025,14:30:00,0.0656,4796.194,0.0035,8784.244,0.3638,0.0535,1.697,245.8,0.432
22734933,701440707,1.75E+12,LP,10/07/2025,14:15:00,0.0228,4796.178,0.0193,8784.243,0.2387,0.2392,1.933,247.1001,-0.075
22734933,701440707,1.75E+12,LP,10/07/2025,14:00:00,0,4796.1721,0.1547,8784.238,0.0011,0.5173,2.112,245.4,-0.115
22734933,701440707,1.75E+12,LP,10/07/2025,13:45:00,0,4796.1721,0.2942,8784.199,0,0.5749,2.326,247.1001,-0.505
22734933,701440707,1.75E+12,LP,10/07/2025,13:30:00,0,4796.1721,0.3843,8784.126,0,0.625,2.521,247.8,-0.554
22734933,701440707,1.75E+12,LP,10/07/2025,13:15:00,0,4796.1721,0.5391,8784.03,0,0.728,2.931,248.3,-0.608
22734933,701440707,1.75E+12,LP,10/07/2025,13:00:00,0.6177,4796.1721,1.1508,8783.895,0.6551,1.1971,7.473,245.9,-0.837
22734933,701440707,1.75E+12,LP,10/07/2025,12:45:00,0.0333,4796.019,2.4403,8783.608,0.0466,2.4684,10.045,249.5,-0.992
22734933,701440707,1.75E+12,LP,10/07/2025,12:30:00,0.8453,4796.012,0.681,8782.998,0.8858,0.7711,6.714,248.7001,-0.992
22734933,701440707,1.75E+12,LP,10/07/2025,12:15:00,1.1512,4795.803,0.3205,8782.828,1.1772,0.4225,6.487,248.1001,0.855
22734933,701440707,1.75E+12,LP,10/07/2025,12:00:00,0.0237,4795.5161,0.4983,8782.748,0.0307,0.7185,3.044,246.1001,-0.802
22734933,701440707,1.75E+12,LP,10/07/2025,11:45:00,1.3096,4795.511,0.3369,8782.624,1.38,0.3907,7.221,246.5,-0.461
22734933,701440707,1.75E+12,LP,10/07/2025,11:30:00,0.9955,4795.184,0.4038,8782.54,1.0319,0.4609,6.122,245.5,-0.912
22734933,701440707,1.75E+12,LP,10/07/2025,11:15:00,0,4794.936,0.8675,8782.439,0,0.9795,3.931,249.1001,-0.899
22734933,701440707,1.75E+12,LP,10/07/2025,11:00:00,0.0055,4794.936,0.7788,8782.222,0.0114,0.8967,3.657,248.3,-0.89
22734933,701440707,1.75E+12,LP,10/07/2025,10:45:00,0,4794.935,0.7339,8782.029,0,0.8482,3.48,243.7001,-0.858
22734933,701440707,1.75E+12,LP,10/07/2025,10:30:00,0.2368,4794.935,1.2602,8781.846,0.289,1.2777,6.486,240.5,-0.873
22734933,701440707,1.75E+12,LP,10/07/2025,10:15:00,0.0043,4794.877,2.1625,8781.53,0.0135,2.212,9.06,244.8,-0.988
22734933,701440707,1.75E+12,LP,10/07/2025,10:00:00,0.1703,4794.876,2.0028,8780.991,0.1839,2.0343,8.879,248.9,0.621
22734933,701440707,1.75E+12,LP,10/07/2025,09:45:00,0,4794.834,1.6658,8780.492,0,1.7188,7.018,243.7001,-0.983
22734933,701440707,1.75E+12,LP,10/07/2025,09:30:00,0,4794.834,1.6087,8780.074,0,1.6644,6.824,242.7001,-0.991
22734933,701440707,1.75E+12,LP,10/07/2025,09:15:00,0.0025,4794.834,1.2869,8779.672,0.0143,1.351,5.632,240.1001,-0.988
22734933,701440707,1.75E+12,LP,10/07/2025,09:00:00,0.3848,4794.834,0.0511,8779.351,0.437,0.0872,2.242,234.1001,-0.647
22734933,701440707,1.75E+12,LP,10/07/2025,08:45:00,0.2174,4794.738,0.0442,8779.339,0.3247,0.0683,1.669,235.4,0.936
22734933,701440707,1.75E+12,LP,10/07/2025,08:30:00,0.0193,4794.685,0.1119,8779.328,0.1153,0.2388,1.486,238.2001,-0.324
22734933,701440707,1.75E+12,LP,10/07/2025,08:15:00,0.1044,4794.6811,0.2654,8779.302,0.1764,0.334,2.126,239.6001,-0.843
22734933,701440707,1.75E+12,LP,10/07/2025,08:00:00,0.4643,4794.656,0,8779.236,0.5352,0,2.257,237.2001,0.905
22734933,701440707,1.75E+12,LP,10/07/2025,07:45:00,0.3783,4794.54,0,8779.236,0.4858,0,2.023,240.2001,0.674
22734933,701440707,1.75E+12,LP,10/07/2025,07:30:00,0.3438,4794.445,0,8779.236,0.4728,0,1.959,241.2001,0.734
22734933,701440707,1.75E+12,LP,10/07/2025,07:15:00,0.6735,4794.359,0,8779.236,0.7222,0,3.0021,240.4,0.876
22734933,701440707,1.75E+12,LP,10/07/2025,07:00:00,0.7607,4794.191,0,8779.236,0.8014,0,3.334,240.3,0.9401
22734933,701440707,1.75E+12,LP,10/07/2025,06:45:00,0.8416,4794.001,0,8779.236,0.8745,0,3.665,238.5,0.9511
22734933,701440707,1.75E+12,LP,10/07/2025,06:30:00,0.9753,4793.79,0,8779.236,1.0033,0,4.168,240.6001,0.968
22734933,701440707,1.75E+12,LP,10/07/2025,06:15:00,1.1335,4793.5471,0,8779.236,1.1562,0,4.819,240,0.976
22734933,701440707,1.75E+12,LP,10/07/2025,06:00:00,1.1825,4793.263,0,8779.236,1.2405,0,5.158,240.6001,0.99
22734933,701440707,1.75E+12,LP,10/07/2025,05:45:00,1.1732,4792.968,0,8779.236,1.2312,0,5.128,240,0.981
22734933,701440707,1.75E+12,LP,10/07/2025,05:30:00,1.2705,4792.674,0,8779.236,1.3227,0,5.515,239.8,0.9481
22734933,701440707,1.75E+12,LP,10/07/2025,05:15:00,1.3299,4792.357,0,8779.236,1.3782,0,5.785,238.3,0.9461
22734933,701440707,1.75E+12,LP,10/07/2025,05:00:00,1.2109,4792.024,0,8779.236,1.2665,0,5.267,240.5,0.9501
22734933,701440707,1.75E+12,LP,10/07/2025,04:45:00,1.2304,4791.7211,0,8779.236,1.283,0,5.3501,239.8,0.9481
22734933,701440707,1.75E+12,LP,10/07/2025,04:30:00,1.2268,4791.414,0,8779.236,1.2785,0,5.359,238.5,0.985
22734933,701440707,1.75E+12,LP,10/07/2025,04:15:00,0.2706,4791.107,0,8779.236,0.3068,0,1.2791,241,0.982
22734933,701440707,1.75E+12,LP,10/07/2025,04:00:00,0.1743,4791.039,0,8779.236,0.2069,0,0.862,241,0.541
22734933,701440707,1.75E+12,LP,10/07/2025,03:45:00,0.2515,4790.996,0,8779.236,0.2903,0,1.211,239.9,0.9381
22734933,701440707,1.75E+12,LP,10/07/2025,03:30:00,0.2393,4790.933,0,8779.236,0.2796,0,1.176,238.4,0.927
22734933,701440707,1.75E+12,LP,10/07/2025,03:15:00,0.2358,4790.8731,0,8779.236,0.2747,0,1.156,237.9,0.748
22734933,701440707,1.75E+12,LP,10/07/2025,03:00:00,0.2247,4790.814,0,8779.236,0.2595,0,1.097,237.2001,0.739
22734933,701440707,1.75E+12,LP,10/07/2025,02:45:00,0.1944,4790.758,0,8779.236,0.2328,0,0.985,236.6001,0.901
22734933,701440707,1.75E+12,LP,10/07/2025,02:30:00,0.2434,4790.709,0,8779.236,0.2821,0,1.188,238.2001,0.9401
22734933,701440707,1.75E+12,LP,10/07/2025,02:15:00,0.2772,4790.649,0,8779.236,0.3168,0,1.33,238.4,0.9401
22734933,701440707,1.75E+12,LP,10/07/2025,02:00:00,0.2484,4790.58,0,8779.236,0.2876,0,1.211,238,0.912
22734933,701440707,1.75E+12,LP,10/07/2025,01:45:00,0.2417,4790.517,0,8779.236,0.2805,0,1.18,237.7001,0.917
22734933,701440707,1.75E+12,LP,10/07/2025,01:30:00,0.2813,4790.457,0,8779.236,0.3248,0,1.358,239.3,0.741
22734933,701440707,1.75E+12,LP,10/07/2025,01:15:00,0.231,4790.387,0,8779.236,0.2687,0,1.1281,238.5,0.548
22734933,701440707,1.75E+12,LP,10/07/2025,01:00:00,0.2312,4790.329,0,8779.236,0.267,0,1.125,237.5,0.534
22734933,701440707,1.75E+12,LP,10/07/2025,00:45:00,0.2342,4790.271,0,8779.236,0.2734,0,1.158,236.3,0.737
22734933,701440707,1.75E+12,LP,10/07/2025,00:30:00,0.2366,4790.213,0,8779.236,0.2767,0,1.176,235.5,0.74
22734933,701440707,1.75E+12,LP,10/07/2025,00:15:00,0.2305,4790.154,0,8779.236,0.267,0,1.1321,236,0.733
22734933,701440707,1.75E+12,LP,10/07/2025,00:00:00,0.2391,4790.0961,0,8779.236,0.2767,0,1.168,237.3,0.732
22734933,701440707,1.75E+12,LP,09/07/2025,23:45:00,0.26,4790.036,0,8779.236,0.3043,0,1.289,236.5,0.9401
22734933,701440707,1.75E+12,LP,09/07/2025,23:30:00,0.2338,4789.9711,0,8779.236,0.2726,0,1.16,235.4,0.549
22734933,701440707,1.75E+12,LP,09/07/2025,23:15:00,0.2454,4789.912,0,8779.236,0.2851,0,1.207,236.4,0.548
22734933,701440707,1.75E+12,LP,09/07/2025,23:00:00,0.257,4789.851,0,8779.236,0.2967,0,1.264,234.9,0.539
22734933,701440707,1.75E+12,LP,09/07/2025,22:45:00,0.2893,4789.787,0,8779.236,0.3285,0,1.4021,234.6001,0.878
22734933,701440707,1.75E+12,LP,09/07/2025,22:30:00,0.306,4789.715,0,8779.236,0.3458,0,1.48,233.5,0.9421
22734933,701440707,1.75E+12,LP,09/07/2025,22:15:00,0.3,4789.638,0,8779.236,0.3441,0,1.465,235,0.919
22734933,701440707,1.75E+12,LP,09/07/2025,22:00:00,0.2619,4789.563,0,8779.236,0.2975,0,1.262,235.8,0.725
22734933,701440707,1.75E+12,LP,09/07/2025,21:45:00,3.4839,4789.4981,0,8779.236,3.5065,0,15.329,229.2001,0.903
22734933,701440707,1.75E+12,LP,09/07/2025,21:30:00,3.424,4788.63,0,8779.236,3.4424,0,14.925,230.6001,0.993
22734933,701440707,1.75E+12,LP,09/07/2025,21:15:00,3.4228,4787.773,0,8779.236,3.4424,0,14.7291,233.7001,0.994
22734933,701440707,1.75E+12,LP,09/07/2025,21:00:00,3.4935,4786.918,0,8779.236,3.5133,0,14.842,236.7001,0.994
22734933,701440707,1.75E+12,LP,09/07/2025,20:45:00,3.4535,4786.044,0,8779.236,3.4728,0,14.783,234.9,1
22734933,701440707,1.75E+12,LP,09/07/2025,20:30:00,3.4775,4785.1811,0,8779.236,3.4945,0,14.829,235.6001,1
22734933,701440707,1.75E+12,LP,09/07/2025,20:15:00,3.4297,4784.312,0,8779.236,3.4477,0,14.731,234,0.995
22734933,701440707,1.75E+12,LP,09/07/2025,20:00:00,3.3332,4783.454,0,8779.236,3.3504,0,14.47,231.5,0.994
22734933,701440707,1.75E+12,LP,09/07/2025,19:45:00,3.24,4782.621,0,8779.236,3.2513,0,14.081,230.8,0.995
22734933,701440707,1.75E+12,LP,09/07/2025,19:30:00,1.6099,4781.811,0,8779.236,1.6254,0,7,235.4,1
22734933,701440707,1.75E+12,LP,09/07/2025,19:15:00,0.0162,4781.408,0,8779.236,0.0296,0,0.123,238.9,0.552
22734933,701440707,1.75E+12,LP,09/07/2025,19:00:00,0.0415,4781.404,0,8779.236,0.1658,0,0.6921,239.3,0.552
22734933,701440707,1.75E+12,LP,09/07/2025,18:45:00,0.1416,4781.394,0,8779.236,0.328,0,1.367,239.9,0.163
22734933,701440707,1.75E+12,LP,09/07/2025,18:30:00,0.364,4781.358,0,8779.236,0.431,0,1.798,239.7001,0.874
22734933,701440707,1.75E+12,LP,09/07/2025,18:15:00,0.2252,4781.267,0.0263,8779.236,0.2906,0.0525,1.436,238.8,0.807
22734933,701440707,1.75E+12,LP,09/07/2025,18:00:00,0.0659,4781.211,0.0102,8779.229,0.1709,0.045,0.905,238.5,0.661
22734933,701440707,1.75E+12,LP,09/07/2025,17:45:00,0,4781.195,0.108,8779.227,0.001,0.2098,0.88,239.4,-0.456
22734933,701440707,1.75E+12,LP,09/07/2025,17:30:00,0.0007,4781.195,0.313,8779.2011,0.0037,0.3843,1.601,241.9,-0.639
22734933,701440707,1.75E+12,LP,09/07/2025,17:15:00,0.3227,4781.195,0.2534,8779.123,0.3523,0.278,2.62,241,-0.12
22734933,701440707,1.75E+12,LP,09/07/2025,17:00:00,0.5939,4781.1141,0,8779.06,0.6615,0,2.793,236.8,0.855
22734933,701440707,1.75E+12,LP,09/07/2025,16:45:00,0.4559,4780.965,0,8779.06,0.5489,0,2.332,235.3,0.843
22734933,701440707,1.75E+12,LP,09/07/2025,16:30:00,0.1702,4780.851,0.2896,8779.06,0.2752,0.3107,2.463,237.7001,0.771
22734933,701440707,1.75E+12,LP,09/07/2025,16:15:00,0,4780.809,1.2364,8778.988,0,1.2405,5.173,239.7001,-0.997
22734933,701440707,1.75E+12,LP,09/07/2025,16:00:00,0,4780.809,1.7407,8778.679,0,1.7457,7.296,239.1001,-0.997
22734933,701440707,1.75E+12,LP,09/07/2025,15:45:00,0,4780.809,1.8915,8778.244,0,1.8961,7.878,240.6001,-0.996
22734933,701440707,1.75E+12,LP,09/07/2025,15:30:00,0,4780.809,2.0169,8777.771,0,2.0209,8.302,243.3,-1
22734933,701440707,1.75E+12,LP,09/07/2025,15:15:00,0.0004,4780.809,2.29,8777.267,0.0005,2.2955,9.321,246.3,-0.995
22734933,701440707,1.75E+12,LP,09/07/2025,15:00:00,0,4780.809,2.7285,8776.694,0,2.7343,11.106,246.2001,-0.998
22734933,701440707,1.75E+12,LP,09/07/2025,14:45:00,0,4780.809,2.8038,8776.012,0,2.8043,11.492,243.9,-0.996
22734933,701440707,1.75E+12,LP,09/07/2025,14:30:00,0,4780.809,3.2547,8775.311,0,3.2573,13.1711,247.2001,-0.999
22734933,701440707,1.75E+12,LP,09/07/2025,14:15:00,0.0002,4780.809,2.7096,8774.498,0.002,2.7244,11.045,246.2001,-0.998
22734933,701440707,1.75E+12,LP,09/07/2025,14:00:00,0.0024,4780.809,2.3264,8773.82,0.0071,2.3381,9.3831,248.7001,0.558
22734933,701440707,1.75E+12,LP,09/07/2025,13:45:00,0.0029,4780.809,2.2648,8773.238,0.0073,2.2774,9.083,249.8,0.5651
22734933,701440707,1.75E+12,LP,09/07/2025,13:30:00,0.02,4780.809,2.4299,8772.676,0.031,2.449,9.867,249.8,-0.999
22734933,701440707,1.75E+12,LP,09/07/2025,13:15:00,0.0206,4780.804,2.2953,8772.069,0.0303,2.3155,9.324,249.7001,-0.999
22734933,701440707,1.75E+12,LP,09/07/2025,13:00:00,0.0198,4780.799,2.0529,8771.4961,0.0291,2.0658,8.344,249,-0.993
22734933,701440707,1.75E+12,LP,09/07/2025,12:45:00,0.0361,4780.795,1.6349,8770.983,0.0531,1.6669,6.824,250.1001,-0.988
22734933,701440707,1.75E+12,LP,09/07/2025,12:30:00,0.0349,4780.787,2.0343,8770.575,0.0456,2.0495,8.3221,249.3,-0.998
22734933,701440707,1.75E+12,LP,09/07/2025,12:15:00,0.0246,4780.779,2.0049,8770.068,0.037,2.0189,8.17,249.4,-0.997
22734933,701440707,1.75E+12,LP,09/07/2025,12:00:00,0.0019,4780.774,2.7697,8769.5671,0.0057,2.7774,11.142,248.1001,-0.982
22734933,701440707,1.75E+12,LP,09/07/2025,11:45:00,0.0018,4780.774,2.6143,8768.876,0.0053,2.6208,10.507,247.5,-0.989
22734933,701440707,1.75E+12,LP,09/07/2025,11:30:00,0.002,4780.774,2.4273,8768.222,0.0091,2.4434,9.791,248.5,-0.969
22734933,701440707,1.75E+12,LP,09/07/2025,11:15:00,0.0015,4780.774,3.4867,8767.616,0.005,3.4979,14.028,248.4,-0.943
22734933,701440707,1.75E+12,LP,09/07/2025,11:00:00,0,4780.774,4.1928,8766.745,0,4.1995,16.895,248.5,-1
22734933,701440707,1.75E+12,LP,09/07/2025,10:45:00,0.004,4780.774,1.9637,8765.697,0.0091,1.9765,8.022,246.9,-1
22734933,701440707,1.75E+12,LP,09/07/2025,10:30:00,0,4780.773,3.2223,8765.206,0,3.2245,12.9501,248.3,0.558
22734933,701440707,1.75E+12,LP,09/07/2025,10:15:00,0,4780.773,3.0948,8764.4,0,3.0966,12.569,246,-1
22734933,701440707,1.75E+12,LP,09/07/2025,10:00:00,0.0015,4780.773,2.7218,8763.628,0.0051,2.7299,10.967,247.7001,-0.967
22734933,701440707,1.75E+12,LP,09/07/2025,09:45:00,0,4780.773,3.5207,8762.948,0,3.5219,14.209,247.2001,-0.995
22734933,701440707,1.75E+12,LP,09/07/2025,09:30:00,0,4780.773,3.1004,8762.069,0,3.106,12.629,243.8,-1
22734933,701440707,1.75E+12,LP,09/07/2025,09:15:00,0.0495,4780.773,0.7524,8761.294,0.0605,0.818,3.658,239.5,-0.998
22734933,701440707,1.75E+12,LP,09/07/2025,09:00:00,0,4780.763,0.9804,8761.107,0.0019,1.0425,4.327,240.8,-0.849
22734933,701440707,1.75E+12,LP,09/07/2025,08:45:00,0.06,4780.763,0.7864,8760.863,0.1065,0.8251,3.838,241.4,-0.991
22734933,701440707,1.75E+12,LP,09/07/2025,08:30:00,0,4780.7481,0.774,8760.668,0,0.8724,3.632,239.5,-0.996
22734933,701440707,1.75E+12,LP,09/07/2025,08:15:00,0.0195,4780.7481,0.7841,8760.475,0.0354,0.8493,3.657,241.1001,-0.98
22734933,701440707,1.75E+12,LP,09/07/2025,08:00:00,0.0992,4780.744,0.0798,8760.28,0.2393,0.1284,1.534,239.6001,-0.97
22734933,701440707,1.75E+12,LP,09/07/2025,07:45:00,0.155,4780.723,0.1972,8760.265,0.266,0.2149,2.012,239.2001,-0.107
22734933,701440707,1.75E+12,LP,09/07/2025,07:30:00,0.4156,4780.685,0.0524,8760.217,0.4568,0.0653,2.24,233.2001,0.6921
22734933,701440707,1.75E+12,LP,09/07/2025,07:15:00,0.484,4780.582,0.0248,8760.205,0.5364,0.0283,2.406,234.6001,0.9541
22734933,701440707,1.75E+12,LP,09/07/2025,07:00:00,0.5454,4780.461,0.0703,8760.199,0.5794,0.0758,2.777,235.9,-0.916
22734933,701440707,1.75E+12,LP,09/07/2025,06:45:00,0.6752,4780.325,0.0539,8760.181,0.705,0.069,3.241,239.2001,0.966
22734933,701440707,1.75E+12,LP,09/07/2025,06:30:00,0.7576,4780.157,0.004,8760.169,0.779,0.0529,3.456,241.2001,0.9451
22734933,701440707,1.75E+12,LP,09/07/2025,06:15:00,1.048,4779.968,0,8760.168,1.0955,0,4.588,238.7001,0.98
22734933,701440707,1.75E+12,LP,09/07/2025,06:00:00,0.8423,4779.706,0,8760.168,0.8938,0,3.739,239.2001,0.93
22734933,701440707,1.75E+12,LP,09/07/2025,05:45:00,0.8315,4779.495,0,8760.168,0.88,0,3.742,235.5,0.9471
22734933,701440707,1.75E+12,LP,09/07/2025,05:30:00,1.2594,4779.287,0,8760.168,1.3029,0,5.5521,234.6001,0.9521
22734933,701440707,1.75E+12,LP,09/07/2025,05:15:00,1.0904,4778.972,0,8760.168,1.1366,0,4.825,235.7001,0.9571
22734933,701440707,1.75E+12,LP,09/07/2025,05:00:00,1.3332,4778.6991,0,8760.168,1.3761,0,5.8181,236.5,0.987
22734933,701440707,1.75E+12,LP,09/07/2025,04:45:00,1.3969,4778.366,0,8760.168,1.4354,0,6.034,237.8,0.972
22734933,701440707,1.75E+12,LP,09/07/2025,04:30:00,1.0608,4778.017,0,8760.168,1.124,0,4.7091,238.6001,0.9451
22734933,701440707,1.75E+12,LP,09/07/2025,04:15:00,1.0636,4777.752,0,8760.168,1.1272,0,4.726,238.5,0.9441
22734933,701440707,1.75E+12,LP,09/07/2025,04:00:00,1.0642,4777.486,0,8760.168,1.1287,0,4.718,239.2001,0.9401
22734933,701440707,1.75E+12,LP,09/07/2025,03:45:00,1.0652,4777.22,0,8760.168,1.1288,0,4.723,239,0.9411
22734933,701440707,1.75E+12,LP,09/07/2025,03:30:00,1.0625,4776.954,0,8760.168,1.124,0,4.719,238.1001,0.9421
22734933,701440707,1.75E+12,LP,09/07/2025,03:15:00,1.0604,4776.688,0,8760.168,1.1198,0,4.7171,237.3,0.9401
22734933,701440707,1.75E+12,LP,09/07/2025,03:00:00,1.062,4776.423,0,8760.168,1.1209,0,4.722,237.3,0.9441
22734933,701440707,1.75E+12,LP,09/07/2025,02:45:00,1.0627,4776.157,0,8760.168,1.1223,0,4.7251,237.5,0.9461
22734933,701440707,1.75E+12,LP,09/07/2025,02:30:00,1.063,4775.892,0,8760.168,1.1197,0,4.736,236.4,0.9431
22734933,701440707,1.75E+12,LP,09/07/2025,02:15:00,1.0648,4775.626,0,8760.168,1.1198,0,4.743,236.1001,0.9501
22734933,701440707,1.75E+12,LP,09/07/2025,02:00:00,1.0683,4775.36,0,8760.168,1.1245,0,4.751,236.7001,0.9481
22734933,701440707,1.75E+12,LP,09/07/2025,01:45:00,1.0687,4775.093,0,8760.168,1.125,0,4.747,236.9,0.9521
22734933,701440707,1.75E+12,LP,09/07/2025,01:30:00,1.0676,4774.825,0,8760.168,1.1222,0,4.7541,236,0.9501
22734933,701440707,1.75E+12,LP,09/07/2025,01:15:00,1.0696,4774.559,0,8760.168,1.1265,0,4.76,236.6001,0.9531
22734933,701440707,1.75E+12,LP,09/07/2025,01:00:00,1.0707,4774.291,0,8760.168,1.1301,0,4.758,237.4,0.9481
22734933,701440707,1.75E+12,LP,09/07/2025,00:45:00,1.0716,4774.023,0,8760.168,1.1301,0,4.764,237.2001,0.9451
22734933,701440707,1.75E+12,LP,09/07/2025,00:30:00,1.0681,4773.756,0,8760.168,1.1213,0,4.775,234.8,0.9481
22734933,701440707,1.75E+12,LP,09/07/2025,00:15:00,1.066,4773.4891,0,8760.168,1.116,0,4.792,232.8,0.961
22734933,701440707,1.75E+12,LP,09/07/2025,00:00:00,1.0682,4773.222,0,8760.168,1.1158,0,4.805,232.2001,0.9581
22734933,701440707,1.75E+12,LP,08/07/2025,23:45:00,1.6574,4772.955,0,8760.168,1.6883,0,7.2781,232.1001,0.9551
22734933,701440707,1.75E+12,LP,08/07/2025,23:30:00,2.3951,4772.541,0,8760.168,2.4055,0,10.47,229.7001,0.995
22734933,701440707,1.75E+12,LP,08/07/2025,23:15:00,1.3172,4771.943,0,8760.168,1.3547,0,5.8581,231.3,0.995
22734933,701440707,1.75E+12,LP,08/07/2025,23:00:00,1.2855,4771.613,0,8760.168,1.3224,0,5.716,231.3,0.988
22734933,701440707,1.75E+12,LP,08/07/2025,22:45:00,1.5967,4771.292,0,8760.168,1.6187,0,7.025,230.4,0.978
22734933,701440707,1.75E+12,LP,08/07/2025,22:30:00,0.1738,4770.893,0,8760.168,0.1983,0,0.852,237.3,0.977
22734933,701440707,1.75E+12,LP,08/07/2025,22:15:00,0.0183,4770.849,0,8760.168,0.035,0,0.147,238.5,0.522
22734933,701440707,1.75E+12,LP,08/07/2025,22:00:00,0.0183,4770.844,0,8760.168,0.0342,0,0.1431,237.7001,0.544
22734933,701440707,1.75E+12,LP,08/07/2025,21:45:00,0.0183,4770.84,0,8760.168,0.0342,0,0.1431,238.4,0.538
22734933,701440707,1.75E+12,LP,08/07/2025,21:30:00,0.0183,4770.835,0,8760.168,0.0339,0,0.1411,238.7001,0.538
22734933,701440707,1.75E+12,LP,08/07/2025,21:15:00,0.0182,4770.83,0,8760.168,0.0339,0,0.1431,236.5,0.535
22734933,701440707,1.75E+12,LP,08/07/2025,21:00:00,0.0185,4770.826,0,8760.168,0.0342,0,0.1431,239.5,0.528
22734933,701440707,1.75E+12,LP,08/07/2025,20:45:00,0.0185,4770.821,0,8760.168,0.0344,0,0.1421,241.4,0.533
22734933,701440707,1.75E+12,LP,08/07/2025,20:30:00,0.0185,4770.817,0,8760.168,0.0344,0,0.1431,240.6001,0.545
22734933,701440707,1.75E+12,LP,08/07/2025,20:15:00,0.4267,4770.812,0,8760.168,0.4432,0,1.8981,239.6001,0.533
22734933,701440707,1.75E+12,LP,08/07/2025,20:00:00,4.6493,4770.7081,0,8760.168,4.6762,0,20.495,228.1001,0.994
22734933,701440707,1.75E+12,LP,08/07/2025,19:45:00,3.9643,4769.545,0,8760.168,3.9874,0,17.377,229.9,0.994
22734933,701440707,1.75E+12,LP,08/07/2025,19:30:00,3.295,4768.553,0,8760.168,3.311,0,14.1681,233.7001,0.992
22734933,701440707,1.75E+12,LP,08/07/2025,19:15:00,3.3729,4767.729,0,8760.168,3.39,0,14.706,230.5,0.995
22734933,701440707,1.75E+12,LP,08/07/2025,19:00:00,3.4529,4766.886,0,8760.168,3.4839,0,15.079,231.1001,0.995
22734933,701440707,1.75E+12,LP,08/07/2025,18:45:00,3.5405,4766.023,0,8760.168,3.5853,0,15.547,230.6001,0.986
22734933,701440707,1.75E+12,LP,08/07/2025,18:30:00,1.6289,4765.138,0.0129,8760.168,1.709,0.0555,7.594,234.8,0.987
22734933,701440707,1.75E+12,LP,08/07/2025,18:15:00,0.1414,4764.729,0.0699,8760.165,0.2644,0.1265,1.645,237.7001,0.719
22734933,701440707,1.75E+12,LP,08/07/2025,18:00:00,0.0722,4764.695,0.1568,8760.149,0.15,0.24,1.631,239,0.0181
22734933,701440707,1.75E+12,LP,08/07/2025,17:45:00,0.0293,4764.678,0.1807,8760.11,0.0702,0.302,1.546,240.6001,-0.812
22734933,701440707,1.75E+12,LP,08/07/2025,17:30:00,0.0018,4764.6721,0.1643,8760.066,0.0466,0.3098,1.492,238.9,-0.329
22734933,701440707,1.75E+12,LP,08/07/2025,17:15:00,0.2684,4764.6721,0.1982,8760.025,0.3209,0.2063,2.217,237.3,-0.948
22734933,701440707,1.75E+12,LP,08/07/2025,17:00:00,0.2185,4764.6051,0,8759.976,0.3643,0,1.5171,240,0.774
22734933,701440707,1.75E+12,LP,08/07/2025,16:45:00,0.0861,4764.55,0.0047,8759.976,0.2391,0.0747,1.312,239,0.4741
22734933,701440707,1.75E+12,LP,08/07/2025,16:30:00,0.0022,4764.529,0.1473,8759.975,0.0066,0.3535,1.488,241.6001,-0.121
22734933,701440707,1.75E+12,LP,08/07/2025,16:15:00,0.001,4764.528,0.4151,8759.939,0.0097,0.5368,2.257,242,-0.629
22734933,701440707,1.75E+12,LP,08/07/2025,16:00:00,0,4764.528,0.7617,8759.836,0,0.8389,3.459,242.4,-0.887
22734933,701440707,1.75E+12,LP,08/07/2025,15:45:00,0,4764.528,1.4935,8759.646,0,1.5359,6.282,244,-0.917
22734933,701440707,1.75E+12,LP,08/07/2025,15:30:00,0,4764.528,2.2949,8759.2731,0,2.3008,9.436,243.4,-1
22734933,701440707,1.75E+12,LP,08/07/2025,15:15:00,0,4764.528,2.2128,8758.7,0,2.222,9.094,243.5,-0.983
22734933,701440707,1.75E+12,LP,08/07/2025,15:00:00,0,4764.528,2.8417,8758.147,0,2.8443,11.585,245.3,-0.997
22734933,701440707,1.75E+12,LP,08/07/2025,14:45:00,0,4764.528,3.0215,8757.437,0,3.0263,12.22,247.4,-0.989
22734933,701440707,1.75E+12,LP,08/07/2025,14:30:00,0.006,4764.528,1.3116,8756.681,0.0575,1.4503,6.046,244.6001,-0.996
22734933,701440707,1.75E+12,LP,08/07/2025,14:15:00,0.0183,4764.528,0.1763,8756.3531,0.0261,0.4248,1.867,241.5,-0.22
22734933,701440707,1.75E+12,LP,08/07/2025,14:00:00,0.0081,4764.524,0.3142,8756.31,0.0123,0.5147,2.1671,243,-0.544
22734933,701440707,1.75E+12,LP,08/07/2025,13:45:00,0.8075,4764.523,0.679,8756.232,0.8433,0.745,6.476,245,-0.705
22734933,701440707,1.75E+12,LP,08/07/2025,13:30:00,0.0008,4764.322,2.8018,8756.064,0.0035,2.8158,11.333,248,-0.999
22734933,701440707,1.75E+12,LP,08/07/2025,13:15:00,0.0044,4764.322,2.0074,8755.363,0.0105,2.0189,8.084,248.8,0.561
22734933,701440707,1.75E+12,LP,08/07/2025,13:00:00,0.0046,4764.321,1.9771,8754.86,0.0103,1.9894,7.915,250.1001,0.56
22734933,701440707,1.75E+12,LP,08/07/2025,12:45:00,0.0025,4764.321,2.5078,8754.368,0.007,2.521,10.039,250.3,-0.985
22734933,701440707,1.75E+12,LP,08/07/2025,12:30:00,0.0015,4764.321,2.7678,8753.741,0.005,2.783,11.118,249.5,-0.994
22734933,701440707,1.75E+12,LP,08/07/2025,12:15:00,0.0044,4764.321,1.7996,8753.0501,0.0102,1.8139,7.255,248.6001,-0.999
22734933,701440707,1.75E+12,LP,08/07/2025,12:00:00,0.0047,4764.32,1.7528,8752.601,0.0105,1.7677,7.0361,249.9,-0.998
22734933,701440707,1.75E+12,LP,08/07/2025,11:45:00,0.0015,4764.32,2.33,8752.164,0.0049,2.348,9.3831,248.9,-0.991
22734933,701440707,1.75E+12,LP,08/07/2025,11:30:00,0.003,4764.32,2.1293,8751.583,0.0099,2.1476,8.565,249.5,-0.938
22734933,701440707,1.75E+12,LP,08/07/2025,11:15:00,0.0016,4764.32,2.657,8751.052,0.0049,2.6647,10.673,248.4,-1
22734933,701440707,1.75E+12,LP,08/07/2025,11:00:00,0.0019,4764.32,2.6442,8750.3891,0.0057,2.6528,10.606,248.4,-0.999
22734933,701440707,1.75E+12,LP,08/07/2025,10:45:00,0.0018,4764.32,2.0764,8749.73,0.0053,2.0928,8.367,248.9,-0.999
22734933,701440707,1.75E+12,LP,08/07/2025,10:30:00,0,4764.32,4.0632,8749.211,0,4.0675,16.331,248.9,-0.998
22734933,701440707,1.75E+12,LP,08/07/2025,10:15:00,0,4764.32,3.069,8748.194,0,3.0939,12.494,247.4,-0.999
22734933,701440707,1.75E+12,LP,08/07/2025,10:00:00,0.0004,4764.32,2.5032,8747.426,0.0035,2.545,10.333,246.2001,-0.991
22734933,701440707,1.75E+12,LP,08/07/2025,09:45:00,0,4764.32,2.4772,8746.801,0,2.5154,10.145,247.7001,-0.987
22734933,701440707,1.75E+12,LP,08/07/2025,09:30:00,0,4764.32,2.4825,8746.181,0,2.516,10.186,246.9,-0.987
22734933,701440707,1.75E+12,LP,08/07/2025,09:15:00,0.008,4764.32,1.9019,8745.56,0.0216,1.9475,7.984,246,-0.984
22734933,701440707,1.75E+12,LP,08/07/2025,09:00:00,0.0008,4764.318,1.7408,8745.0851,0.006,1.7852,7.3581,243,-0.983
22734933,701440707,1.75E+12,LP,08/07/2025,08:45:00,0,4764.318,1.6665,8744.65,0,1.7049,7.048,241.8,-0.981
22734933,701440707,1.75E+12,LP,08/07/2025,08:30:00,0.0339,4764.318,1.0355,8744.233,0.0636,1.0759,4.7781,237.9,-0.971
22734933,701440707,1.75E+12,LP,08/07/2025,08:15:00,0.0375,4764.313,0.7309,8743.977,0.0668,0.7872,3.5621,239.2001,-0.953
22734933,701440707,1.75E+12,LP,08/07/2025,08:00:00,0.1418,4764.3061,0.2529,8743.796,0.2293,0.2877,2.157,239.2001,-0.94
22734933,701440707,1.75E+12,LP,08/07/2025,07:45:00,0.1782,4764.273,0.1187,8743.736,0.2369,0.1925,1.822,235.6001,0.518
22734933,701440707,1.75E+12,LP,08/07/2025,07:30:00,0.0729,4764.229,0.0577,8743.707,0.1789,0.1474,1.379,236.6001,-0.782
22734933,701440707,1.75E+12,LP,08/07/2025,07:15:00,0.025,4764.211,0.4165,8743.693,0.061,0.4454,2.12,238.6001,0.371
22734933,701440707,1.75E+12,LP,08/07/2025,07:00:00,0,4764.205,0.34,8743.589,0,0.4081,1.689,241.7001,-0.887
22734933,701440707,1.75E+12,LP,08/07/2025,06:45:00,0,4764.205,0.2209,8743.504,0,0.3284,1.363,240.9,-0.847
22734933,701440707,1.75E+12,LP,08/07/2025,06:30:00,0,4764.205,0.0808,8743.449,0,0.2671,1.111,240.5,-0.406
22734933,701440707,1.75E+12,LP,08/07/2025,06:15:00,0.07,4764.205,0.0063,8743.429,0.1217,0.1148,0.994,237.9,-0.123
22734933,701440707,1.75E+12,LP,08/07/2025,06:00:00,0.1209,4764.188,0,8743.428,0.1538,0,0.645,238,0.547
22734933,701440707,1.75E+12,LP,08/07/2025,05:45:00,0.0777,4764.158,0,8743.428,0.1055,0,0.441,238.9,0.546
22734933,701440707,1.75E+12,LP,08/07/2025,05:30:00,0.1301,4764.139,0,8743.428,0.163,0,0.682,239.7001,0.936
22734933,701440707,1.75E+12,LP,08/07/2025,05:15:00,0.0732,4764.106,0,8743.428,0.1042,0,0.441,236.8,0.933
22734933,701440707,1.75E+12,LP,08/07/2025,05:00:00,0.1179,4764.088,0,8743.428,0.1501,0,0.638,236.1001,0.9391
22734933,701440707,1.75E+12,LP,08/07/2025,04:45:00,0.0999,4764.058,0,8743.428,0.1325,0,0.5631,235.5,0.9391
22734933,701440707,1.75E+12,LP,08/07/2025,04:30:00,0.1245,4764.033,0,8743.428,0.1568,0,0.666,235.6001,0.548
22734933,701440707,1.75E+12,LP,08/07/2025,04:15:00,0.1199,4764.002,0,8743.428,0.1528,0,0.646,236.5,0.54
22734933,701440707,1.75E+12,LP,08/07/2025,04:00:00,0.4761,4763.972,0,8743.428,0.5155,0,2.195,236.1001,0.543
22734933,701440707,1.75E+12,LP,08/07/2025,03:45:00,1.1632,4763.853,0,8743.428,1.2103,0,5.16,234.5,0.9561
22734933,701440707,1.75E+12,LP,08/07/2025,03:30:00,1.1648,4763.563,0,8743.428,1.2123,0,5.17,234.7001,0.9581
22734933,701440707,1.75E+12,LP,08/07/2025,03:15:00,1.1823,4763.272,0,8743.428,1.2395,0,5.1531,240.5,0.9521
22734933,701440707,1.75E+12,LP,08/07/2025,03:00:00,1.2314,4762.976,0,8743.428,1.2857,0,5.353,240.2001,0.9461
22734933,701440707,1.75E+12,LP,08/07/2025,02:45:00,1.1927,4762.668,0,8743.428,1.2495,0,5.208,239.9,0.982
22734933,701440707,1.75E+12,LP,08/07/2025,02:30:00,1.1815,4762.37,0,8743.428,1.2372,0,5.171,239.3,0.97
22734933,701440707,1.75E+12,LP,08/07/2025,02:15:00,1.1978,4762.0741,0,8743.428,1.253,0,5.263,238.1001,0.973
22734933,701440707,1.75E+12,LP,08/07/2025,02:00:00,1.1826,4761.7751,0,8743.428,1.2337,0,5.197,237.3,0.892
22734933,701440707,1.75E+12,LP,08/07/2025,01:45:00,1.1849,4761.479,0,8743.428,1.2359,0,5.208,237.3,0.9511
22734933,701440707,1.75E+12,LP,08/07/2025,01:30:00,1.1842,4761.183,0,8743.428,1.2344,0,5.202,237.3,0.9521
22734933,701440707,1.75E+12,LP,08/07/2025,01:15:00,1.187,4760.887,0,8743.428,1.235,0,5.228,236.2001,0.9551
22734933,701440707,1.75E+12,LP,08/07/2025,01:00:00,1.19,4760.591,0,8743.428,1.2392,0,5.238,236.7001,0.9561
22734933,701440707,1.75E+12,LP,08/07/2025,00:45:00,1.2006,4760.293,0,8743.428,1.2519,0,5.246,238.6001,0.9511
22734933,701440707,1.75E+12,LP,08/07/2025,00:30:00,1.2904,4759.993,0,8743.428,1.3367,0,5.605,238.4,0.9541
22734933,701440707,1.75E+12,LP,08/07/2025,00:15:00,1.2392,4759.671,0,8743.428,1.2894,0,5.424,237.7001,0.983
22734933,701440707,1.75E+12,LP,08/07/2025,00:00:00,1.1247,4759.361,0,8743.428,1.1763,0,4.954,237.3,0.9571
22734933,701440707,1.75E+12,LP,07/07/2025,23:45:00,0.1393,4759.08,0,8743.428,0.1728,0,0.735,235.1001,0.537
22734933,701440707,1.75E+12,LP,07/07/2025,23:30:00,0.1982,4759.045,0,8743.428,0.2377,0,1.0231,232.7001,0.9431
22734933,701440707,1.75E+12,LP,07/07/2025,23:15:00,0.13,4758.995,0,8743.428,0.1643,0,0.707,232.6001,0.522
22734933,701440707,1.75E+12,LP,07/07/2025,23:00:00,0.1225,4758.963,0,8743.428,0.1559,0,0.673,231.4,0.524
22734933,701440707,1.75E+12,LP,07/07/2025,22:45:00,0.2292,4758.932,0,8743.428,0.2679,0,1.151,233.3,0.535
22734933,701440707,1.75E+12,LP,07/07/2025,22:30:00,0.1295,4758.875,0,8743.428,0.1643,0,0.6981,235.7001,0.53
22734933,701440707,1.75E+12,LP,07/07/2025,22:15:00,0.2283,4758.843,0,8743.428,0.2669,0,1.133,235.6001,0.525
22734933,701440707,1.75E+12,LP,07/07/2025,22:00:00,0.2348,4758.785,0,8743.428,0.272,0,1.1501,237,0.544
22734933,701440707,1.75E+12,LP,07/07/2025,21:45:00,0.251,4758.727,0,8743.428,0.2913,0,1.227,237.4,0.937
22734933,701440707,1.75E+12,LP,07/07/2025,21:30:00,0.2695,4758.664,0,8743.428,0.3145,0,1.327,237,0.9381
22734933,701440707,1.75E+12,LP,07/07/2025,21:15:00,0.1663,4758.597,0,8743.428,0.1952,0,0.8211,238.5,0.736
22734933,701440707,1.75E+12,LP,07/07/2025,21:00:00,0.0162,4758.555,0,8743.428,0.0291,0,0.122,238.6001,0.549
22734933,701440707,1.75E+12,LP,07/07/2025,20:45:00,0.1855,4758.551,0,8743.428,0.2087,0,0.868,240.4,0.562
22734933,701440707,1.75E+12,LP,07/07/2025,20:30:00,0.196,4758.505,0,8743.428,0.2194,0,0.914,239.8,0.912
22734933,701440707,1.75E+12,LP,07/07/2025,20:15:00,0.1975,4758.456,0,8743.428,0.222,0,0.913,242.9,0.897
22734933,701440707,1.75E+12,LP,07/07/2025,20:00:00,0.1975,4758.406,0,8743.428,0.2222,0,0.915,242.8,0.912
22734933,701440707,1.75E+12,LP,07/07/2025,19:45:00,0.198,4758.357,0,8743.428,0.2229,0,0.92,242.2001,0.871
22734933,701440707,1.75E+12,LP,07/07/2025,19:30:00,0.1414,4758.307,0,8743.428,0.1624,0,0.677,239.1001,0.885
22734933,701440707,1.75E+12,LP,07/07/2025,19:15:00,0.0162,4758.272,0,8743.428,0.0296,0,0.125,236.6001,0.554
22734933,701440707,1.75E+12,LP,07/07/2025,19:00:00,0.0205,4758.268,0,8743.428,0.0843,0,0.354,237.5,0.557
22734933,701440707,1.75E+12,LP,07/07/2025,18:45:00,0.0342,4758.263,0,8743.428,0.2669,0,1.117,238.8,0.123
22734933,701440707,1.75E+12,LP,07/07/2025,18:30:00,0.0088,4758.254,0.0086,8743.428,0.1509,0.1017,1.072,235.4,0.1181
22734933,701440707,1.75E+12,LP,07/07/2025,18:15:00,0,4758.253,0.0834,8743.426,0,0.2592,1.097,236.3,-0.171
22734933,701440707,1.75E+12,LP,07/07/2025,18:00:00,0,4758.253,0.1658,8743.405,0,0.2867,1.214,236.1001,-0.455
22734933,701440707,1.75E+12,LP,07/07/2025,17:45:00,0,4758.253,0.2532,8743.364,0,0.34,1.426,238.3,-0.703
22734933,701440707,1.75E+12,LP,07/07/2025,17:30:00,0,4758.253,0.331,8743.3001,0,0.402,1.651,243.5,-0.765
22734933,701440707,1.75E+12,LP,07/07/2025,17:15:00,0,4758.253,0.4873,8743.218,0,0.5304,2.182,242.9,-0.876
22734933,701440707,1.75E+12,LP,07/07/2025,17:00:00,0,4758.253,0.6806,8743.096,0,0.7079,2.892,244.7001,-0.943
22734933,701440707,1.75E+12,LP,07/07/2025,16:45:00,0,4758.253,0.9914,8742.926,0,1.005,4.104,244.8,-0.978
22734933,701440707,1.75E+12,LP,07/07/2025,16:30:00,0,4758.253,1.3296,8742.678,0,1.3384,5.4751,244.2001,-0.993
22734933,701440707,1.75E+12,LP,07/07/2025,16:15:00,0,4758.253,1.589,8742.347,0,1.5958,6.577,242.5,-0.996
22734933,701440707,1.75E+12,LP,07/07/2025,16:00:00,0,4758.253,1.8722,8741.949,0,1.877,7.631,245.9,-0.998
22734933,701440707,1.75E+12,LP,07/07/2025,15:45:00,0,4758.253,2.2174,8741.481,0,2.2218,8.9791,247.4,-0.999
22734933,701440707,1.75E+12,LP,07/07/2025,15:30:00,0,4758.253,2.5169,8740.927,0,2.5204,10.265,245.5,-0.999
22734933,701440707,1.75E+12,LP,07/07/2025,15:15:00,0,4758.253,2.7727,8740.298,0,2.7757,11.388,243.7001,-0.998
22734933,701440707,1.75E+12,LP,07/07/2025,15:00:00,0,4758.253,3.0253,8739.606,0,3.0301,12.454,243.2001,-1
22734933,701440707,1.75E+12,LP,07/07/2025,14:45:00,0,4758.253,3.2715,8738.849,0,3.2743,13.342,245.4,-0.998
22734933,701440707,1.75E+12,LP,07/07/2025,14:30:00,0.0027,4758.253,2.177,8738.0321,0.0069,2.1906,8.894,246.3,-0.998
22734933,701440707,1.75E+12,LP,07/07/2025,14:15:00,0.0014,4758.252,2.8807,8737.486,0.0024,2.8854,11.549,247.5,0.556
22734933,701440707,1.75E+12,LP,07/07/2025,14:00:00,0,4758.252,3.5997,8736.769,0,3.6032,14.518,248,-1
22734933,701440707,1.75E+12,LP,07/07/2025,13:45:00,0.0185,4758.252,2.3153,8735.8711,0.0282,2.3328,9.503,247,-0.992
22734933,701440707,1.75E+12,LP,07/07/2025,13:30:00,0.019,4758.2481,2.4668,8735.292,0.028,2.4849,10.02,248.9,-0.998
22734933,701440707,1.75E+12,LP,07/07/2025,13:15:00,0.0015,4758.244,2.6633,8734.674,0.0047,2.6749,10.677,249.3,-0.997
22734933,701440707,1.75E+12,LP,07/07/2025,13:00:00,0.0015,4758.244,2.9062,8734.011,0.0047,2.9203,11.703,248.1001,-0.993
22734933,701440707,1.75E+12,LP,07/07/2025,12:45:00,0.0015,4758.244,2.6709,8733.283,0.0049,2.6847,10.789,247,-1
22734933,701440707,1.75E+12,LP,07/07/2025,12:30:00,0.0015,4758.244,2.4413,8732.617,0.005,2.459,9.905,247.2001,-0.984
22734933,701440707,1.75E+12,LP,07/07/2025,12:15:00,0.0015,4758.244,2.9618,8732.006,0.0046,2.9732,11.941,247.7001,-0.998
22734933,701440707,1.75E+12,LP,07/07/2025,12:00:00,0.0015,4758.244,2.7565,8731.269,0.0051,2.7703,11.127,247.2001,-0.984
22734933,701440707,1.75E+12,LP,07/07/2025,11:45:00,0.0027,4758.244,2.5878,8730.58,0.0071,2.5992,10.4631,247.2001,-0.997
22734933,701440707,1.75E+12,LP,07/07/2025,11:30:00,0.0015,4758.244,2.7204,8729.935,0.0047,2.7338,11.034,246.8,-1
22734933,701440707,1.75E+12,LP,07/07/2025,11:15:00,0,4758.244,4.4191,8729.254,0.0001,4.4233,17.8041,248.4,0.56
22734933,701440707,1.75E+12,LP,07/07/2025,11:00:00,0.0027,4758.244,2.5138,8728.151,0.0067,2.5268,10.1811,246.5,-0.996
22734933,701440707,1.75E+12,LP,07/07/2025,10:45:00,0,4758.243,2.5849,8727.5231,0,2.5967,10.493,243.9,-0.997
22734933,701440707,1.75E+12,LP,07/07/2025,10:30:00,0,4758.243,2.447,8726.878,0,2.4495,9.9821,243.8,-0.935
22734933,701440707,1.75E+12,LP,07/07/2025,10:15:00,0,4758.243,2.0185,8726.266,0,2.0276,8.276,243.1001,-0.999
22734933,701440707,1.75E+12,LP,07/07/2025,10:00:00,0,4758.243,1.5408,8725.76,0,1.5493,6.391,240.8,-0.98
22734933,701440707,1.75E+12,LP,07/07/2025,09:45:00,0.0027,4758.243,1.9649,8725.376,0.007,1.9729,8.06,244,-0.997
22734933,701440707,1.75E+12,LP,07/07/2025,09:30:00,0,4758.243,2.6337,8724.888,0,2.6398,10.569,248.4,-1
22734933,701440707,1.75E+12,LP,07/07/2025,09:15:00,0.0019,4758.243,2.4253,8724.2281,0.0054,2.4351,9.781,248.2001,-0.991
22734933,701440707,1.75E+12,LP,07/07/2025,09:00:00,0,4758.243,2.692,8723.623,0,2.6955,11.053,243.1001,-1
22734933,701440707,1.75E+12,LP,07/07/2025,08:45:00,0,4758.243,2.2085,8722.95,0,2.2155,9.082,243,-0.999
22734933,701440707,1.75E+12,LP,07/07/2025,08:30:00,0,4758.243,2.3147,8722.397,0,2.3198,9.592,241.6001,-0.997
22734933,701440707,1.75E+12,LP,07/07/2025,08:15:00,0,4758.243,2.0706,8721.819,0,2.0758,8.687,238.9,-0.989
22734933,701440707,1.75E+12,LP,07/07/2025,08:00:00,0,4758.243,1.6181,8721.301,0,1.6281,6.804,239.2001,-0.997
22734933,701440707,1.75E+12,LP,07/07/2025,07:45:00,0,4758.243,1.3107,8720.896,0,1.3241,5.557,238.3,-0.997
22734933,701440707,1.75E+12,LP,07/07/2025,07:30:00,0,4758.243,1.1127,8720.569,0,1.1227,4.729,237.3,-0.993
22734933,701440707,1.75E+12,LP,07/07/2025,07:15:00,0,4758.243,0.5676,8720.29,0,0.5999,2.529,237.3,-0.983
22734933,701440707,1.75E+12,LP,07/07/2025,07:00:00,0,4758.243,0.3768,8720.1481,0,0.4333,1.814,238.7001,-0.921
22734933,701440707,1.75E+12,LP,07/07/2025,06:45:00,0.0015,4758.243,0.1773,8720.054,0.005,0.2822,1.197,240,-0.802
22734933,701440707,1.75E+12,LP,07/07/2025,06:30:00,0,4758.243,0.0855,8720.01,0,0.2669,1.117,238.7001,-0.476
22734933,701440707,1.75E+12,LP,07/07/2025,06:15:00,0.012,4758.243,0.0029,8719.988,0.0474,0.0495,0.404,239.6001,-0.097
22734933,701440707,1.75E+12,LP,07/07/2025,06:00:00,0.708,4758.24,0,8719.988,0.7537,0,3.1751,238.3,0.559
22734933,701440707,1.75E+12,LP,07/07/2025,05:45:00,1.0507,4758.064,0,8719.988,1.1103,0,4.688,236.8,0.9431
22734933,701440707,1.75E+12,LP,07/07/2025,05:30:00,1.0423,4757.801,0,8719.988,1.0953,0,4.695,233.2001,0.9421
22734933,701440707,1.75E+12,LP,07/07/2025,05:15:00,1.0428,4757.54,0,8719.988,1.0937,0,4.702,232.5,0.9571
22734933,701440707,1.75E+12,LP,07/07/2025,05:00:00,1.0467,4757.28,0,8719.988,1.1004,0,4.692,234.4,0.9581
22734933,701440707,1.75E+12,LP,07/07/2025,04:45:00,1.0497,4757.018,0,8719.988,1.1078,0,4.697,235.8,0.9501
22734933,701440707,1.75E+12,LP,07/07/2025,04:30:00,1.0436,4756.756,0,8719.988,1.098,0,4.7011,233.5,0.9491
22734933,701440707,1.75E+12,LP,07/07/2025,04:15:00,1.0467,4756.495,0,8719.988,1.0995,0,4.7171,233,0.9541
22734933,701440707,1.75E+12,LP,07/07/2025,04:00:00,1.0527,4756.233,0,8719.988,1.1078,0,4.724,234.5,0.9511
22734933,701440707,1.75E+12,LP,07/07/2025,03:45:00,1.055,4755.97,0,8719.988,1.1098,0,4.73,234.5,0.9531
22734933,701440707,1.75E+12,LP,07/07/2025,03:30:00,1.0587,4755.706,0,8719.988,1.1119,0,4.744,234.3,0.9531
22734933,701440707,1.75E+12,LP,07/07/2025,03:15:00,2.0813,4755.442,0,8719.988,2.1189,0,9.199,232.1001,0.9511
22734933,701440707,1.75E+12,LP,07/07/2025,03:00:00,4.2002,4754.923,0,8719.988,4.2068,0,18.46,227.8,1
22734933,701440707,1.75E+12,LP,07/07/2025,02:45:00,4.243,4753.8731,0,8719.988,4.2487,0,18.582,228.6001,1
22734933,701440707,1.75E+12,LP,07/07/2025,02:30:00,4.2861,4752.812,0,8719.988,4.2922,0,18.501,232,1
22734933,701440707,1.75E+12,LP,07/07/2025,02:15:00,4.0456,4751.741,0,8719.988,4.0534,0,17.39,233.2001,0.998
22734933,701440707,1.75E+12,LP,07/07/2025,02:00:00,3.2398,4750.729,0,8719.988,3.2515,0,13.843,234.8,1
22734933,701440707,1.75E+12,LP,07/07/2025,01:45:00,3.2315,4749.92,0,8719.988,3.2472,0,13.843,234.5,0.997
22734933,701440707,1.75E+12,LP,07/07/2025,01:30:00,3.249,4749.112,0,8719.988,3.2629,0,13.859,235.4,0.996
22734933,701440707,1.75E+12,LP,07/07/2025,01:15:00,3.2541,4748.3,0,8719.988,3.2667,0,13.888,235.2001,1
22734933,701440707,1.75E+12,LP,07/07/2025,01:00:00,3.2621,4747.486,0,8719.988,3.2778,0,13.908,235.6001,1
22734933,701440707,1.75E+12,LP,07/07/2025,00:45:00,3.2637,4746.671,0,8719.988,3.2765,0,13.93,235.2001,0.995
22734933,701440707,1.75E+12,LP,07/07/2025,00:30:00,3.2309,4745.8551,0,8719.988,3.2432,0,13.849,234.1001,0.996
22734933,701440707,1.75E+12,LP,07/07/2025,00:15:00,3.3273,4745.0471,0,8719.988,3.3426,0,14.303,233.7001,0.995
22734933,701440707,1.75E+12,LP,07/07/2025,00:00:00,3.3315,4744.216,0,8719.988,3.347,0,14.1711,236.1001,0.995
22734933,701440707,1.75E+12,LP,06/07/2025,23:45:00,3.3469,4743.383,0,8719.988,3.3637,0,14.279,235.5,0.994
22734933,701440707,1.75E+12,LP,06/07/2025,23:30:00,3.3224,4742.546,0,8719.988,3.3374,0,14.198,235,0.996
22734933,701440707,1.75E+12,LP,06/07/2025,23:15:00,3.3797,4741.716,0,8719.988,3.3994,0,14.468,234.9,0.993
22734933,701440707,1.75E+12,LP,06/07/2025,23:00:00,3.4355,4740.87,0,8719.988,3.4537,0,14.5401,237.6001,1
22734933,701440707,1.75E+12,LP,06/07/2025,22:45:00,3.4363,4740.012,0,8719.988,3.4508,0,14.39,239.8,1
22734933,701440707,1.75E+12,LP,06/07/2025,22:30:00,3.4425,4739.153,0,8719.988,3.4588,0,14.467,239.1001,0.991
22734933,701440707,1.75E+12,LP,06/07/2025,22:15:00,3.426,4738.292,0,8719.988,3.4432,0,14.462,238.1001,0.995
22734933,701440707,1.75E+12,LP,06/07/2025,22:00:00,3.4565,4737.436,0,8719.988,3.4735,0,14.6361,237.3,1
22734933,701440707,1.75E+12,LP,06/07/2025,21:45:00,3.3212,4736.571,0,8719.988,3.3353,0,13.967,238.8,0.995
22734933,701440707,1.75E+12,LP,06/07/2025,21:30:00,1.1055,4735.741,0,8719.988,1.1252,0,4.7091,242.8,0.991
22734933,701440707,1.75E+12,LP,06/07/2025,21:15:00,0.1975,4735.465,0,8719.988,0.2217,0,0.917,241.7001,0.907
22734933,701440707,1.75E+12,LP,06/07/2025,21:00:00,0.1992,4735.416,0,8719.988,0.223,0,0.92,242.3,0.906
22734933,701440707,1.75E+12,LP,06/07/2025,20:45:00,0.2007,4735.366,0,8719.988,0.2244,0,0.932,240.5,0.893
22734933,701440707,1.75E+12,LP,06/07/2025,20:30:00,0.2028,4735.316,0,8719.988,0.227,0,0.9451,240,0.915
22734933,701440707,1.75E+12,LP,06/07/2025,20:15:00,2.7572,4735.265,0,8719.988,2.7715,0,11.887,235.7001,0.897
22734933,701440707,1.75E+12,LP,06/07/2025,20:00:00,4.483,4734.579,0,8719.988,4.4905,0,19.197,233.9,0.997
22734933,701440707,1.75E+12,LP,06/07/2025,19:45:00,4.42,4733.4581,0,8719.988,4.4277,0,18.991,233.1001,0.997
22734933,701440707,1.75E+12,LP,06/07/2025,19:30:00,4.2876,4732.353,0,8719.988,4.2944,0,18.639,230.3,0.998
22734933,701440707,1.75E+12,LP,06/07/2025,19:15:00,4.289,4731.281,0,8719.988,4.2964,0,18.558,231.5,0.998
22734933,701440707,1.75E+12,LP,06/07/2025,19:00:00,4.3235,4730.209,0,8719.988,4.3317,0,18.636,232.4,0.998
22734933,701440707,1.75E+12,LP,06/07/2025,18:45:00,4.3509,4729.129,0,8719.988,4.3613,0,18.967,229.9,0.976
22734933,701440707,1.75E+12,LP,06/07/2025,18:30:00,2.2704,4728.041,0,8719.988,2.2919,0,9.9341,233.1001,0.998
22734933,701440707,1.75E+12,LP,06/07/2025,18:15:00,0.4442,4727.4711,0.0434,8719.988,0.456,0.1378,2.5141,237,0.98
22734933,701440707,1.75E+12,LP,06/07/2025,18:00:00,0,4727.36,0.1316,8719.977,0,0.2808,1.175,238.9,-0.386
22734933,701440707,1.75E+12,LP,06/07/2025,17:45:00,0,4727.36,0.1929,8719.944,0,0.3108,1.288,241.1001,-0.551
22734933,701440707,1.75E+12,LP,06/07/2025,17:30:00,0,4727.36,0.2656,8719.896,0,0.353,1.469,240.1001,-0.696
22734933,701440707,1.75E+12,LP,06/07/2025,17:15:00,0,4727.36,0.4101,8719.83,0,0.4603,1.948,236.1001,-0.82
22734933,701440707,1.75E+12,LP,06/07/2025,17:00:00,0,4727.36,0.63,8719.727,0,0.6561,2.785,235.6001,-0.938
22734933,701440707,1.75E+12,LP,06/07/2025,16:45:00,0,4727.36,0.903,8719.57,0,0.9175,3.833,239.2001,-0.975
22734933,701440707,1.75E+12,LP,06/07/2025,16:30:00,0,4727.36,1.2209,8719.3441,0,1.2302,5.141,239.1001,-0.989
22734933,701440707,1.75E+12,LP,06/07/2025,16:15:00,0,4727.36,1.5134,8719.039,0,1.5194,6.331,239.9,-0.959
22734933,701440707,1.75E+12,LP,06/07/2025,16:00:00,0,4727.36,1.8237,8718.661,0,1.8299,7.572,241.4,-0.997
22734933,701440707,1.75E+12,LP,06/07/2025,15:45:00,0,4727.36,2.1985,8718.206,0,2.2025,9.131,241.2001,-0.992
22734933,701440707,1.75E+12,LP,06/07/2025,15:30:00,0,4727.36,2.3845,8717.656,0,2.3906,9.94,240.3,-0.999
22734933,701440707,1.75E+12,LP,06/07/2025,15:15:00,0,4727.36,2.6663,8717.061,0,2.6709,11.121,240,-0.997
22734933,701440707,1.75E+12,LP,06/07/2025,15:00:00,0,4727.36,3.0342,8716.394,0,3.0382,12.484,243.3,-0.997
22734933,701440707,1.75E+12,LP,06/07/2025,14:45:00,0,4727.36,3.174,8715.636,0,3.1792,12.965,245.1001,-1
22734933,701440707,1.75E+12,LP,06/07/2025,14:30:00,0,4727.36,3.4634,8714.842,0,3.4668,14.118,245.5,-0.994
22734933,701440707,1.75E+12,LP,06/07/2025,14:15:00,0,4727.36,3.6044,8713.976,0,3.608,14.532,248.2001,-0.999
22734933,701440707,1.75E+12,LP,06/07/2025,14:00:00,0.0054,4727.36,1.9069,8713.075,0.0118,1.9192,7.703,248.2001,-0.998
22734933,701440707,1.75E+12,LP,06/07/2025,13:45:00,0.002,4727.36,2.4978,8712.601,0.0057,2.5123,9.9791,249.6001,-0.999
22734933,701440707,1.75E+12,LP,06/07/2025,13:30:00,0.0032,4727.36,1.6367,8711.976,0.0085,1.6865,6.7571,249.1001,-1
22734933,701440707,1.75E+12,LP,06/07/2025,13:15:00,0,4727.36,0.8556,8711.569,0,0.9591,3.871,247.7001,-0.887
22734933,701440707,1.75E+12,LP,06/07/2025,13:00:00,0.499,4727.36,0.5369,8711.355,0.533,0.6087,4.666,245.3,-0.933
22734933,701440707,1.75E+12,LP,06/07/2025,12:45:00,0.5157,4727.235,0.8119,8711.223,0.5262,0.8907,5.759,247.5,0.9471
22734933,701440707,1.75E+12,LP,06/07/2025,12:30:00,0,4727.107,1.1237,8711.02,0,1.204,4.854,248,-0.915
22734933,701440707,1.75E+12,LP,06/07/2025,12:15:00,0.0468,4727.107,1.051,8710.739,0.0616,1.1381,4.856,246.8,-0.917
22734933,701440707,1.75E+12,LP,06/07/2025,12:00:00,1.0072,4727.0961,0.412,8710.4781,1.0692,0.4621,6.266,245.6001,-0.95
22734933,701440707,1.75E+12,LP,06/07/2025,11:45:00,0.0835,4726.845,0.8225,8710.375,0.1107,0.8895,4.034,247.4,-0.889
22734933,701440707,1.75E+12,LP,06/07/2025,11:30:00,0.002,4726.825,2.7669,8710.169,0.0057,2.7697,11.016,250.4,0.561
22734933,701440707,1.75E+12,LP,06/07/2025,11:15:00,0.0025,4726.825,2.4895,8709.479,0.0064,2.5049,10.016,249.2001,-0.997
22734933,701440707,1.75E+12,LP,06/07/2025,11:00:00,0.0019,4726.8241,2.6228,8708.858,0.0059,2.6362,10.532,249.2001,-0.996
22734933,701440707,1.75E+12,LP,06/07/2025,10:45:00,0.0053,4726.8241,1.83,8708.202,0.0117,1.8439,7.3581,249.6001,-0.996
22734933,701440707,1.75E+12,LP,06/07/2025,10:30:00,0.002,4726.823,2.3054,8707.7461,0.0051,2.3172,9.249,249.3,-0.997
22734933,701440707,1.75E+12,LP,06/07/2025,10:15:00,0.0016,4726.823,2.8332,8707.169,0.0049,2.8449,11.422,247.7001,-0.985
22734933,701440707,1.75E+12,LP,06/07/2025,10:00:00,0.0015,4726.823,2.7564,8706.462,0.0049,2.771,11.132,247.9,-0.994
22734933,701440707,1.75E+12,LP,06/07/2025,09:45:00,0.0022,4726.823,2.6432,8705.772,0.0057,2.6545,10.65,247.9,-0.996
22734933,701440707,1.75E+12,LP,06/07/2025,09:30:00,0.0027,4726.823,2.2405,8705.113,0.0067,2.2531,9.033,248.4,-0.979
22734933,701440707,1.75E+12,LP,06/07/2025,09:15:00,0,4726.823,2.9243,8704.554,0,2.9289,11.811,246.8,-1
22734933,701440707,1.75E+12,LP,06/07/2025,09:00:00,0,4726.823,2.9733,8703.821,0,2.9797,12.1071,245.8,-0.998
22734933,701440707,1.75E+12,LP,06/07/2025,08:45:00,0,4726.823,2.4011,8703.078,0,2.4095,9.799,244.9,-0.992
22734933,701440707,1.75E+12,LP,06/07/2025,08:30:00,0,4726.823,2.503,8702.4781,0,2.5092,10.21,245.3,-1
22734933,701440707,1.75E+12,LP,06/07/2025,08:15:00,0.0745,4726.823,0.6784,8701.8531,0.1317,0.74,3.59,240.9,-0.995
22734933,701440707,1.75E+12,LP,06/07/2025,08:00:00,0.015,4726.805,1.0793,8701.684,0.0305,1.1312,4.763,243.3,-0.974
22734933,701440707,1.75E+12,LP,06/07/2025,07:45:00,0,4726.802,0.5197,8701.415,0,0.6271,2.587,242.3,-0.935
22734933,701440707,1.75E+12,LP,06/07/2025,07:30:00,0.024,4726.802,0.3304,8701.285,0.0753,0.4474,2.1671,240.7001,-0.388
22734933,701440707,1.75E+12,LP,06/07/2025,07:15:00,0.4005,4726.796,0.0762,8701.202,0.464,0.0872,2.2961,240.2001,0.435
22734933,701440707,1.75E+12,LP,06/07/2025,07:00:00,0.771,4726.696,0,8701.184,0.806,0,3.383,238.2001,0.9451
22734933,701440707,1.75E+12,LP,06/07/2025,06:45:00,0.667,4726.503,0.0313,8701.184,0.6915,0.0553,3.142,237.8,0.962
22734933,701440707,1.75E+12,LP,06/07/2025,06:30:00,0.8837,4726.338,0,8701.176,0.9074,0,3.883,233.6001,0.962
22734933,701440707,1.75E+12,LP,06/07/2025,06:15:00,0.9892,4726.117,0,8701.176,1.0137,0,4.384,231.2001,0.979
22734933,701440707,1.75E+12,LP,06/07/2025,06:00:00,1.0225,4725.87,0,8701.176,1.0759,0,4.61,233.3,0.9501
22734933,701440707,1.75E+12,LP,06/07/2025,05:45:00,1.0257,4725.6141,0,8701.176,1.0805,0,4.612,234.2001,0.9481
22734933,701440707,1.75E+12,LP,06/07/2025,05:30:00,1.0319,4725.358,0,8701.176,1.0879,0,4.633,234.8,0.9501
22734933,701440707,1.75E+12,LP,06/07/2025,05:15:00,1.0333,4725.1,0,8701.176,1.0902,0,4.631,235.3,0.9481
22734933,701440707,1.75E+12,LP,06/07/2025,05:00:00,1.0273,4724.841,0,8701.176,1.083,0,4.612,234.7001,0.9461
22734933,701440707,1.75E+12,LP,06/07/2025,04:45:00,1.0302,4724.584,0,8701.176,1.0836,0,4.626,234.1001,0.9501
22734933,701440707,1.75E+12,LP,06/07/2025,04:30:00,1.0393,4724.327,0,8701.176,1.0913,0,4.68,233.1001,0.9481
22734933,701440707,1.75E+12,LP,06/07/2025,04:15:00,1.0438,4724.067,0,8701.176,1.0947,0,4.698,232.9,0.9501
22734933,701440707,1.75E+12,LP,06/07/2025,04:00:00,1.0525,4723.8061,0,8701.176,1.1072,0,4.711,234.9,0.9541
22734933,701440707,1.75E+12,LP,06/07/2025,03:45:00,1.0685,4723.543,0,8701.176,1.126,0,4.739,237.5,0.9431
22734933,701440707,1.75E+12,LP,06/07/2025,03:30:00,1.1697,4723.276,0,8701.176,1.2223,0,5.1371,237.9,0.9481
22734933,701440707,1.75E+12,LP,06/07/2025,03:15:00,1.2017,4722.984,0,8701.176,1.2497,0,5.273,237,0.9511
22734933,701440707,1.75E+12,LP,06/07/2025,03:00:00,1.1063,4722.683,0,8701.176,1.1592,0,4.873,237.8,0.9481
22734933,701440707,1.75E+12,LP,06/07/2025,02:45:00,1.1703,4722.407,0,8701.176,1.22,0,5.136,237.5,0.9531
22734933,701440707,1.75E+12,LP,06/07/2025,02:30:00,0.8624,4722.1141,0,8701.176,0.9178,0,3.866,237.3,0.985
22734933,701440707,1.75E+12,LP,06/07/2025,02:15:00,0.1592,4721.898,0,8701.176,0.1939,0,0.806,239.7001,0.736
22734933,701440707,1.75E+12,LP,06/07/2025,02:00:00,0.0332,4721.858,0,8701.176,0.0605,0,0.25,241.8,0.753
22734933,701440707,1.75E+12,LP,06/07/2025,01:45:00,0.0328,4721.85,0,8701.176,0.0603,0,0.249,241.9,0.552
22734933,701440707,1.75E+12,LP,06/07/2025,01:30:00,0.1138,4721.8421,0,8701.176,0.1479,0,0.62,239.3,0.54
22734933,701440707,1.75E+12,LP,06/07/2025,01:15:00,0.122,4721.813,0,8701.176,0.1563,0,0.647,240.9,0.53
22734933,701440707,1.75E+12,LP,06/07/2025,01:00:00,0.1237,4721.783,0,8701.176,0.1579,0,0.658,239.9,0.526
22734933,701440707,1.75E+12,LP,06/07/2025,00:45:00,0.1176,4721.752,0,8701.176,0.1519,0,0.635,239.5,0.531
22734933,701440707,1.75E+12,LP,06/07/2025,00:30:00,0.111,4721.722,0,8701.176,0.1449,0,0.604,240.2001,0.535
22734933,701440707,1.75E+12,LP,06/07/2025,00:15:00,0.1222,4721.695,0,8701.176,0.1558,0,0.653,238,0.533
22734933,701440707,1.75E+12,LP,06/07/2025,00:00:00,0.2047,4721.664,0,8701.176,0.2424,0,1.022,237.4,0.873
22734933,701440707,1.75E+12,LP,05/07/2025,23:45:00,0.132,4721.613,0,8701.176,0.1645,0,0.687,239.5,0.55
22734933,701440707,1.75E+12,LP,05/07/2025,23:30:00,0.1289,4721.58,0,8701.176,0.1617,0,0.677,239.7001,0.552
22734933,701440707,1.75E+12,LP,05/07/2025,23:15:00,0.2008,4721.548,0,8701.176,0.2347,0,0.98,239.6001,0.882
22734933,701440707,1.75E+12,LP,05/07/2025,23:00:00,0.1409,4721.4981,0,8701.176,0.1799,0,0.748,240.8,0.911
22734933,701440707,1.75E+12,LP,05/07/2025,22:45:00,0.1572,4721.462,0,8701.176,0.1914,0,0.8,238.5,0.527
22734933,701440707,1.75E+12,LP,05/07/2025,22:30:00,0.1985,4721.423,0,8701.176,0.2388,0,1.0171,235.6001,0.9431
22734933,701440707,1.75E+12,LP,05/07/2025,22:15:00,0.2605,4721.3731,0,8701.176,0.3007,0,1.254,239.7001,0.526
22734933,701440707,1.75E+12,LP,05/07/2025,22:00:00,0.1239,4721.308,0,8701.176,0.1584,0,0.664,238.7001,0.891
22734933,701440707,1.75E+12,LP,05/07/2025,21:45:00,0.4213,4721.277,0,8701.176,0.4665,0,1.97,236.8,0.541
22734933,701440707,1.75E+12,LP,05/07/2025,21:30:00,0.1963,4721.1721,0,8701.176,0.219,0,0.924,237,0.85
22734933,701440707,1.75E+12,LP,05/07/2025,21:15:00,0.1947,4721.1231,0,8701.176,0.2169,0,0.916,236.8,0.871
22734933,701440707,1.75E+12,LP,05/07/2025,21:00:00,0.1947,4721.0741,0,8701.176,0.2162,0,0.921,234.6001,0.915
22734933,701440707,1.75E+12,LP,05/07/2025,20:45:00,0.1962,4721.0251,0,8701.176,0.2193,0,0.917,239,0.91
22734933,701440707,1.75E+12,LP,05/07/2025,20:30:00,0.1957,4720.976,0,8701.176,0.2188,0,0.914,239.2001,0.917
22734933,701440707,1.75E+12,LP,05/07/2025,20:15:00,0.1955,4720.927,0,8701.176,0.2179,0,0.913,238.5,0.864
22734933,701440707,1.75E+12,LP,05/07/2025,20:00:00,0.1967,4720.879,0,8701.176,0.2204,0,0.915,240.8,0.91
22734933,701440707,1.75E+12,LP,05/07/2025,19:45:00,0.1983,4720.829,0,8701.176,0.223,0,0.917,243,0.896
22734933,701440707,1.75E+12,LP,05/07/2025,19:30:00,0.0969,4720.78,0,8701.176,0.1152,0,0.4781,239.5,0.863
22734933,701440707,1.75E+12,LP,05/07/2025,19:15:00,0.0162,4720.756,0,8701.176,0.0296,0,0.123,239.1001,0.543
22734933,701440707,1.75E+12,LP,05/07/2025,19:00:00,0.0187,4720.751,0,8701.176,0.0577,0,0.24,240.4,0.55
22734933,701440707,1.75E+12,LP,05/07/2025,18:45:00,0.0344,4720.747,0,8701.176,0.2676,0,1.118,239.4,0.134
22734933,701440707,1.75E+12,LP,05/07/2025,18:30:00,0.0067,4720.738,0.0083,8701.176,0.135,0.124,1.086,238.4,0.121
22734933,701440707,1.75E+12,LP,05/07/2025,18:15:00,0,4720.737,0.0932,8701.174,0,0.2617,1.11,235.7001,-0.146
22734933,701440707,1.75E+12,LP,05/07/2025,18:00:00,0,4720.737,0.16,8701.151,0,0.2846,1.204,236.2001,-0.438
22734933,701440707,1.75E+12,LP,05/07/2025,17:45:00,0,4720.737,0.3199,8701.111,0,0.3924,1.624,241.3,-0.648
22734933,701440707,1.75E+12,LP,05/07/2025,17:30:00,0,4720.737,0.4071,8701.031,0,0.4635,1.8981,244.1001,-0.819
22734933,701440707,1.75E+12,LP,05/07/2025,17:15:00,0,4720.737,0.6354,8700.929,0,0.6652,2.745,242.3,-0.905
22734933,701440707,1.75E+12,LP,05/07/2025,17:00:00,0,4720.737,0.97,8700.771,0,0.985,4.026,244.4,-0.983
22734933,701440707,1.75E+12,LP,05/07/2025,16:45:00,0,4720.737,1.0898,8700.528,0,1.1027,4.51,244.3,-0.99
22734933,701440707,1.75E+12,LP,05/07/2025,16:30:00,0,4720.737,1.3741,8700.256,0,1.3839,5.621,245.8,-0.994
22734933,701440707,1.75E+12,LP,05/07/2025,16:15:00,0,4720.737,1.5489,8699.912,0,1.557,6.293,247,-0.979
22734933,701440707,1.75E+12,LP,05/07/2025,16:00:00,0,4720.737,1.8209,8699.525,0,1.827,7.336,248.9,-0.995
22734933,701440707,1.75E+12,LP,05/07/2025,15:45:00,0,4720.737,2.0693,8699.069,0,2.0758,8.423,246.2001,-0.997
22734933,701440707,1.75E+12,LP,05/07/2025,15:30:00,0,4720.737,2.4545,8698.553,0,2.4609,9.898,248.5,-0.998
22734933,701440707,1.75E+12,LP,05/07/2025,15:15:00,0,4720.737,2.7393,8697.939,0,2.7433,11.018,248.9,-0.998
22734933,701440707,1.75E+12,LP,05/07/2025,15:00:00,0,4720.737,3.0449,8697.254,0,3.0487,12.263,248.6001,-0.998
22734933,701440707,1.75E+12,LP,05/07/2025,14:45:00,0,4720.737,3.1349,8696.493,0,3.1394,12.6201,248.5,-1
22734933,701440707,1.75E+12,LP,05/07/2025,14:30:00,0,4720.737,3.3332,8695.7101,0,3.3393,13.451,247.7001,-0.998
22734933,701440707,1.75E+12,LP,05/07/2025,14:15:00,0,4720.737,3.4102,8694.879,0,3.4159,13.768,247.4,-1
22734933,701440707,1.75E+12,LP,05/07/2025,14:00:00,0.0005,4720.737,2.903,8694.026,0.005,2.9142,11.765,247.4,-0.999
22734933,701440707,1.75E+12,LP,05/07/2025,13:45:00,0.0015,4720.737,2.5049,8693.3,0.005,2.5173,10.073,248.6001,-0.954
22734933,701440707,1.75E+12,LP,05/07/2025,13:30:00,0.0015,4720.737,2.3652,8692.676,0.0047,2.3776,9.514,248.3,-0.988
22734933,701440707,1.75E+12,LP,05/07/2025,13:15:00,0.0015,4720.737,2.1808,8692.0851,0.005,2.201,8.807,248.9,-0.988
22734933,701440707,1.75E+12,LP,05/07/2025,13:00:00,0.0054,4720.737,1.4169,8691.539,0.0154,1.43,5.6931,251.2001,-0.835
22734933,701440707,1.75E+12,LP,05/07/2025,12:45:00,0.0074,4720.737,1.2148,8691.188,0.0152,1.2292,4.904,250.4,-0.996
22734933,701440707,1.75E+12,LP,05/07/2025,12:30:00,0.0035,4720.736,1.9272,8690.885,0.0114,1.9469,7.736,250.6001,-0.996
22734933,701440707,1.75E+12,LP,05/07/2025,12:15:00,0.0025,4720.735,2.0835,8690.402,0.0064,2.0945,8.3541,248.9,-0.993
22734933,701440707,1.75E+12,LP,05/07/2025,12:00:00,0.0015,4720.735,2.7915,8689.881,0.0047,2.805,11.196,248.6001,-0.86
22734933,701440707,1.75E+12,LP,05/07/2025,11:45:00,0.0025,4720.735,2.0924,8689.184,0.0061,2.1078,8.417,249.2001,-0.998
22734933,701440707,1.75E+12,LP,05/07/2025,11:30:00,0.0039,4720.735,2.3751,8688.661,0.0113,2.3963,9.593,248.6001,-0.99
22734933,701440707,1.75E+12,LP,05/07/2025,11:15:00,0.0007,4720.735,2.4213,8688.069,0.003,2.4344,9.8411,246,-0.998
22734933,701440707,1.75E+12,LP,05/07/2025,11:00:00,0.001,4720.735,2.9577,8687.464,0.0019,2.9607,11.848,248.4,0.561
22734933,701440707,1.75E+12,LP,05/07/2025,10:45:00,0.0022,4720.735,2.7913,8686.7281,0.0061,2.8008,11.192,248.3,-0.974
22734933,701440707,1.75E+12,LP,05/07/2025,10:30:00,0.0025,4720.735,2.3714,8686.035,0.0066,2.382,9.547,247.7001,-0.995
22734933,701440707,1.75E+12,LP,05/07/2025,10:15:00,0.0046,4720.735,1.7782,8685.444,0.0108,1.7905,7.2331,247.9,-0.993
22734933,701440707,1.75E+12,LP,05/07/2025,10:00:00,0.0015,4720.735,2.535,8685.001,0.005,2.555,10.132,250.9,-0.998
22734933,701440707,1.75E+12,LP,05/07/2025,09:45:00,0.0014,4720.735,1.9948,8684.367,0.0046,2.0084,8.016,249.6001,-0.98
22734933,701440707,1.75E+12,LP,05/07/2025,09:30:00,0.0022,4720.735,1.7739,8683.872,0.006,1.789,7.125,250.1001,-0.922
22734933,701440707,1.75E+12,LP,05/07/2025,09:15:00,0,4720.735,2.6932,8683.43,0,2.6976,10.804,248.6001,-0.999
22734933,701440707,1.75E+12,LP,05/07/2025,09:00:00,0,4720.735,1.7805,8682.758,0,1.7882,7.309,244,-0.996
22734933,701440707,1.75E+12,LP,05/07/2025,08:45:00,0,4720.735,2.058,8682.313,0,2.0641,8.516,240.9,-0.986
22734933,701440707,1.75E+12,LP,05/07/2025,08:30:00,0,4720.735,1.8216,8681.8,0,1.8293,7.513,242.2001,-0.997
22734933,701440707,1.75E+12,LP,05/07/2025,08:15:00,0,4720.735,2.2038,8681.342,0,2.2113,9.099,242.4,-1
22734933,701440707,1.75E+12,LP,05/07/2025,08:00:00,0,4720.735,1.2289,8680.79,0,1.2454,5.143,241.1001,-0.917
22734933,701440707,1.75E+12,LP,05/07/2025,07:45:00,0,4720.735,0.5709,8680.485,0,0.6093,2.559,237.7001,-1
22734933,701440707,1.75E+12,LP,05/07/2025,07:30:00,0,4720.735,0.6946,8680.341,0,0.7249,2.997,241.5,-0.879
22734933,701440707,1.75E+12,LP,05/07/2025,07:15:00,0,4720.735,0.4298,8680.168,0,0.4798,1.982,242,-0.9
22734933,701440707,1.75E+12,LP,05/07/2025,07:00:00,0,4720.735,0.397,8680.06,0,0.4519,1.874,241,-0.883
22734933,701440707,1.75E+12,LP,05/07/2025,06:45:00,0,4720.735,0.2664,8679.961,0,0.3523,1.465,240.2001,-0.767
22734933,701440707,1.75E+12,LP,05/07/2025,06:30:00,0.8233,4720.735,0.0228,8679.894,0.8458,0.0415,3.728,238.2001,-0.574
22734933,701440707,1.75E+12,LP,05/07/2025,06:15:00,1.026,4720.53,0,8679.8891,1.0583,0,4.508,234.7001,0.975
22734933,701440707,1.75E+12,LP,05/07/2025,06:00:00,1.0562,4720.273,0,8679.8891,1.1121,0,4.744,234.4,0.9451
22734933,701440707,1.75E+12,LP,05/07/2025,05:45:00,1.0543,4720.009,0,8679.8891,1.1058,0,4.76,232.2001,0.9511
22734933,701440707,1.75E+12,LP,05/07/2025,05:30:00,0.4435,4719.745,0,8679.8891,0.4691,0,2.0301,232.4,0.9511
22734933,701440707,1.75E+12,LP,05/07/2025,04:30:00,1.0555,4719.446,0,8679.8891,1.1161,0,4.698,237.5,0.9491
22734933,701440707,1.75E+12,LP,05/07/2025,04:15:00,1.053,4719.182,0,8679.8891,1.1127,0,4.697,236.9,0.9451
22734933,701440707,1.75E+12,LP,05/07/2025,04:00:00,1.0515,4718.919,0,8679.8891,1.107,0,4.691,235.9,0.9471
22734933,701440707,1.75E+12,LP,05/07/2025,03:45:00,1.0505,4718.656,0,8679.8891,1.1028,0,4.704,234.4,0.9471
22734933,701440707,1.75E+12,LP,05/07/2025,03:30:00,1.0496,4718.393,0,8679.8891,1.101,0,4.71,233.7001,0.9551
22734933,701440707,1.75E+12,LP,05/07/2025,03:15:00,1.0524,4718.131,0,8679.8891,1.1039,0,4.721,233.8,0.9511
22734933,701440707,1.75E+12,LP,05/07/2025,03:00:00,1.0582,4717.868,0,8679.8891,1.1122,0,4.727,235.2001,0.9571
22734933,701440707,1.75E+12,LP,05/07/2025,02:45:00,1.0687,4717.603,0,8679.8891,1.1312,0,4.729,239.1001,0.9431
22734933,701440707,1.75E+12,LP,05/07/2025,02:30:00,1.0742,4717.336,0,8679.8891,1.1362,0,4.758,238.7001,0.9451
22734933,701440707,1.75E+12,LP,05/07/2025,02:15:00,1.0812,4717.067,0,8679.8891,1.1409,0,4.799,237.7001,0.9471
22734933,701440707,1.75E+12,LP,05/07/2025,02:00:00,1.077,4716.7971,0,8679.8891,1.1403,0,4.7781,238.6001,0.9511
22734933,701440707,1.75E+12,LP,05/07/2025,01:45:00,1.0805,4716.528,0,8679.8891,1.1384,0,4.808,236.7001,0.9431
22734933,701440707,1.75E+12,LP,05/07/2025,01:30:00,1.2162,4716.258,0,8679.8891,1.2632,0,5.353,235.9,0.9521
22734933,701440707,1.75E+12,LP,05/07/2025,01:15:00,1.2674,4715.954,0,8679.8891,1.3162,0,5.542,237.4,0.9581
22734933,701440707,1.75E+12,LP,05/07/2025,01:00:00,0.2642,4715.637,0,8679.8891,0.3023,0,1.26,239.7001,0.928
22734933,701440707,1.75E+12,LP,05/07/2025,00:45:00,0.1804,4715.571,0,8679.8891,0.2187,0,0.912,239.7001,0.936
22734933,701440707,1.75E+12,LP,05/07/2025,00:30:00,0.2048,4715.526,0,8679.8891,0.2444,0,1.022,239.1001,0.9381
22734933,701440707,1.75E+12,LP,05/07/2025,00:15:00,0.2297,4715.475,0,8679.8891,0.2685,0,1.1261,238.6001,0.552
22734933,701440707,1.75E+12,LP,05/07/2025,00:00:00,0.242,4715.417,0,8679.8891,0.2798,0,1.181,237.8,0.549
22734933,701440707,1.75E+12,LP,04/07/2025,23:45:00,0.1245,4715.356,0,8679.8891,0.1574,0,0.664,236.8,0.735
22734933,701440707,1.75E+12,LP,04/07/2025,23:30:00,0.3005,4715.325,0,8679.8891,0.3393,0,1.44,235.8,0.871
22734933,701440707,1.75E+12,LP,04/07/2025,23:15:00,0.3025,4715.25,0,8679.8891,0.3425,0,1.451,236.2001,0.9461
22734933,701440707,1.75E+12,LP,04/07/2025,23:00:00,0.3253,4715.175,0,8679.8891,0.366,0,1.544,237.1001,0.916
22734933,701440707,1.75E+12,LP,04/07/2025,22:45:00,0.3281,4715.093,0,8679.8891,0.3648,0,1.552,235.2001,0.542
22734933,701440707,1.75E+12,LP,04/07/2025,22:30:00,0.251,4715.011,0,8679.8891,0.2887,0,1.213,237.8,0.734
22734933,701440707,1.75E+12,LP,04/07/2025,22:15:00,0.3822,4714.948,0,8679.8891,0.4158,0,1.738,239.1001,0.92
22734933,701440707,1.75E+12,LP,04/07/2025,22:00:00,0.1564,4714.853,0,8679.8891,0.1829,0,0.767,238.4,0.9531
22734933,701440707,1.75E+12,LP,04/07/2025,21:45:00,0.0164,4714.813,0,8679.8891,0.0308,0,0.129,237,0.533
22734933,701440707,1.75E+12,LP,04/07/2025,21:30:00,0.0176,4714.809,0,8679.8891,0.0328,0,0.139,236.1001,0.542
22734933,701440707,1.75E+12,LP,04/07/2025,21:15:00,0.0185,4714.805,0,8679.8891,0.0344,0,0.145,236.1001,0.53
22734933,701440707,1.75E+12,LP,04/07/2025,21:00:00,2.0362,4714.8,0,8679.8891,2.0499,0,8.911,232.3,0.542
22734933,701440707,1.75E+12,LP,04/07/2025,20:45:00,3.3843,4714.291,0,8679.8891,3.402,0,14.773,230.2001,0.994
22734933,701440707,1.75E+12,LP,04/07/2025,20:30:00,3.4134,4713.446,0,8679.8891,3.4307,0,14.663,233.9,0.966
22734933,701440707,1.75E+12,LP,04/07/2025,20:15:00,3.5307,4712.593,0,8679.8891,3.5489,0,14.96,237.2001,0.998
22734933,701440707,1.75E+12,LP,04/07/2025,20:00:00,3.4064,4711.71,0,8679.8891,3.4239,0,14.3731,238.2001,0.994
22734933,701440707,1.75E+12,LP,04/07/2025,19:45:00,3.2553,4710.858,0,8679.8891,3.269,0,13.865,235.7001,0.995
22734933,701440707,1.75E+12,LP,04/07/2025,19:30:00,0.2562,4710.044,0,8679.8891,0.271,0,1.1461,240.3,0.995
22734933,701440707,1.75E+12,LP,04/07/2025,19:15:00,0.0164,4709.979,0,8679.8891,0.0298,0,0.123,241.4,0.55
22734933,701440707,1.75E+12,LP,04/07/2025,19:00:00,0.0204,4709.975,0,8679.8891,0.0829,0,0.3481,238.6001,0.559
22734933,701440707,1.75E+12,LP,04/07/2025,18:45:00,0.0323,4709.97,0,8679.8891,0.2634,0,1.109,237.5,0.13
22734933,701440707,1.75E+12,LP,04/07/2025,18:30:00,0.004,4709.962,0.0107,8679.8891,0.1085,0.1389,1.058,233.8,0.077
22734933,701440707,1.75E+12,LP,04/07/2025,18:15:00,0,4709.961,0.091,8679.887,0,0.2619,1.108,236.2001,-0.157
22734933,701440707,1.75E+12,LP,04/07/2025,18:00:00,0,4709.961,0.2861,8679.864,0,0.3625,1.532,236.5,-0.573
22734933,701440707,1.75E+12,LP,04/07/2025,17:45:00,0,4709.961,0.4048,8679.793,0,0.4549,1.915,237.4,-0.875
22734933,701440707,1.75E+12,LP,04/07/2025,17:30:00,0,4709.961,0.4227,8679.691,0,0.4678,1.995,234.5,-0.898
22734933,701440707,1.75E+12,LP,04/07/2025,17:15:00,0,4709.961,0.5588,8679.586,0,0.5879,2.515,233.7001,-0.948
22734933,701440707,1.75E+12,LP,04/07/2025,17:00:00,0,4709.961,0.6622,8679.446,0,0.6871,2.876,238.8,-0.956
22734933,701440707,1.75E+12,LP,04/07/2025,16:45:00,0,4709.961,0.9112,8679.281,0,0.9255,3.886,238.1001,-0.976
22734933,701440707,1.75E+12,LP,04/07/2025,16:30:00,0,4709.961,1.205,8679.053,0,1.2134,5.095,238,-0.99
22734933,701440707,1.75E+12,LP,04/07/2025,16:15:00,0,4709.961,1.5159,8678.752,0,1.5217,6.363,239.1001,-0.994
22734933,701440707,1.75E+12,LP,04/07/2025,16:00:00,0,4709.961,1.8244,8678.373,0,1.8292,7.626,239.8,-0.996
22734933,701440707,1.75E+12,LP,04/07/2025,15:45:00,0,4709.961,2.1248,8677.917,0,2.1293,8.844,240.6001,-0.996
22734933,701440707,1.75E+12,LP,04/07/2025,15:30:00,0,4709.961,2.4184,8677.386,0,2.4221,9.971,242.8,-0.998
22734933,701440707,1.75E+12,LP,04/07/2025,15:15:00,0,4709.961,2.6892,8676.781,0,2.6928,11.065,243.3,-0.998
22734933,701440707,1.75E+12,LP,04/07/2025,15:00:00,0,4709.961,2.9416,8676.109,0,2.9453,12.055,244.3,-0.999
22734933,701440707,1.75E+12,LP,04/07/2025,14:45:00,0,4709.961,3.1882,8675.374,0,3.192,12.976,245.9,-1
22734933,701440707,1.75E+12,LP,04/07/2025,14:30:00,0,4709.961,3.4023,8674.577,0,3.406,13.869,245.5,-0.999
22734933,701440707,1.75E+12,LP,04/07/2025,14:15:00,0,4709.961,3.6108,8673.726,0,3.6137,14.6071,247.3,-0.997
22734933,701440707,1.75E+12,LP,04/07/2025,14:00:00,0,4709.961,3.7,8672.824,0,3.7037,14.908,248.3,-0.999
22734933,701440707,1.75E+12,LP,04/07/2025,13:45:00,0.0015,4709.961,2.261,8671.899,0.0049,2.2745,9.33,243.5,-1
22734933,701440707,1.75E+12,LP,04/07/2025,13:30:00,0,4709.961,3.799,8671.336,0,3.8029,15.275,248.9,-0.998
22734933,701440707,1.75E+12,LP,04/07/2025,13:15:00,0.0015,4709.961,2.8224,8670.385,0.0047,2.8337,11.374,248.1001,-0.996
22734933,701440707,1.75E+12,LP,04/07/2025,13:00:00,0.0032,4709.961,2.0905,8669.681,0.0075,2.1034,8.421,248.4,-0.997
22734933,701440707,1.75E+12,LP,04/07/2025,12:45:00,0.0037,4709.961,1.7072,8669.158,0.0162,1.7245,6.95,248.2001,-0.992
22734933,701440707,1.75E+12,LP,04/07/2025,12:30:00,0.0016,4709.961,2.7804,8668.733,0.0049,2.7958,11.218,248.4,-0.999
22734933,701440707,1.75E+12,LP,04/07/2025,12:15:00,0.0016,4709.961,2.6459,8668.038,0.0047,2.6604,10.715,247.5,-0.997
22734933,701440707,1.75E+12,LP,04/07/2025,12:00:00,0.0018,4709.961,2.6993,8667.376,0.0047,2.713,10.785,250.3,0.5681
22734933,701440707,1.75E+12,LP,04/07/2025,11:45:00,0.0015,4709.961,2.474,8666.7011,0.0053,2.4839,9.97,248.6001,-0.996
22734933,701440707,1.75E+12,LP,04/07/2025,11:30:00,0,4709.961,4.4865,8666.0851,0,4.4896,18.085,248.2001,-0.991
22734933,701440707,1.75E+12,LP,04/07/2025,11:15:00,0.0037,4709.961,2.1168,8664.964,0.011,2.137,8.618,248,-0.998
22734933,701440707,1.75E+12,LP,04/07/2025,11:00:00,0.0004,4709.961,3.1267,8664.434,0.0007,3.1288,12.515,247.7001,0.5671
22734933,701440707,1.75E+12,LP,04/07/2025,10:45:00,0.002,4709.961,2.2851,8663.652,0.0057,2.2974,9.143,250.4,-0.997
22734933,701440707,1.75E+12,LP,04/07/2025,10:30:00,0.0015,4709.961,2.4211,8663.081,0.0051,2.433,9.759,248.2001,-1
22734933,701440707,1.75E+12,LP,04/07/2025,10:15:00,0,4709.961,3.8332,8662.477,0,3.8392,15.595,245.6001,-1
22734933,701440707,1.75E+12,LP,04/07/2025,10:00:00,0,4709.961,3.6022,8661.519,0,3.6057,14.725,244.3,-0.998
22734933,701440707,1.75E+12,LP,04/07/2025,09:45:00,0,4709.961,3.721,8660.617,0,3.7238,15.205,244.7001,-0.971
22734933,701440707,1.75E+12,LP,04/07/2025,09:30:00,0,4709.961,3.4317,8659.686,0,3.4334,13.922,246.4,-0.999
22734933,701440707,1.75E+12,LP,04/07/2025,09:15:00,0,4709.961,3.4015,8658.83,0,3.406,13.881,245.3,-0.998
22734933,701440707,1.75E+12,LP,04/07/2025,09:00:00,0,4709.961,2.443,8657.98,0,2.4474,10.02,243.9,-0.986
22734933,701440707,1.75E+12,LP,04/07/2025,08:45:00,0,4709.961,2.5506,8657.37,0,2.5563,10.412,245.1001,-0.995
22734933,701440707,1.75E+12,LP,04/07/2025,08:30:00,0,4709.961,1.7277,8656.731,0,1.7369,7.147,242.4,-1
22734933,701440707,1.75E+12,LP,04/07/2025,08:15:00,0,4709.961,1.5025,8656.299,0,1.5125,6.2701,240.4,-0.988
22734933,701440707,1.75E+12,LP,04/07/2025,08:00:00,0,4709.961,1.4129,8655.923,0,1.4237,5.958,238.5,-0.998
22734933,701440707,1.75E+12,LP,04/07/2025,07:45:00,0,4709.961,0.9011,8655.57,0,0.9198,3.861,237.9,-0.929
22734933,701440707,1.75E+12,LP,04/07/2025,07:30:00,0,4709.961,0.4556,8655.345,0,0.5046,2.123,237.5,-0.987
22734933,701440707,1.75E+12,LP,04/07/2025,07:15:00,0,4709.961,0.3232,8655.23,0,0.3911,1.6401,238.4,-0.841
22734933,701440707,1.75E+12,LP,04/07/2025,07:00:00,0.0677,4709.961,0.1824,8655.15,0.1197,0.2595,1.573,241.1001,-0.786
22734933,701440707,1.75E+12,LP,04/07/2025,06:45:00,0.1449,4709.945,0.0258,8655.105,0.3098,0.06,1.541,239.9,0.616
22734933,701440707,1.75E+12,LP,04/07/2025,06:30:00,0.1535,4709.909,0.0158,8655.099,0.2808,0.0711,1.51,232.8,0.43
22734933,701440707,1.75E+12,LP,04/07/2025,06:15:00,0.0083,4709.871,0.008,8655.096,0.0533,0.091,0.613,236.5,-0.187
22734933,701440707,1.75E+12,LP,04/07/2025,06:00:00,0.0162,4709.869,0,8655.0941,0.029,0,0.121,239.7001,0.556
22734933,701440707,1.75E+12,LP,04/07/2025,05:45:00,0.0994,4709.865,0,8655.0941,0.1249,0,0.531,236.7001,0.56
22734933,701440707,1.75E+12,LP,04/07/2025,05:30:00,0.1172,4709.841,0,8655.0941,0.1488,0,0.636,234.1001,0.542
22734933,701440707,1.75E+12,LP,04/07/2025,05:15:00,0.1416,4709.811,0,8655.0941,0.1738,0,0.738,235.5,0.537
22734933,701440707,1.75E+12,LP,04/07/2025,05:00:00,0.3345,4709.776,0,8655.0941,0.37,0,1.582,235.3,0.9401
22734933,701440707,1.75E+12,LP,04/07/2025,04:45:00,0.9074,4709.692,0,8655.0941,0.946,0,4.059,233.6001,0.9551
22734933,701440707,1.75E+12,LP,04/07/2025,04:30:00,1.0619,4709.466,0,8655.0941,1.1105,0,4.72,235.3,0.9501
22734933,701440707,1.75E+12,LP,04/07/2025,04:15:00,1.084,4709.2,0,8655.0941,1.1322,0,4.799,236,0.9561
22734933,701440707,1.75E+12,LP,04/07/2025,04:00:00,1.1275,4708.929,0,8655.0941,1.1725,0,5.022,233.4,0.9531
22734933,701440707,1.75E+12,LP,04/07/2025,03:45:00,1.1632,4708.647,0,8655.0941,1.2075,0,5.16,233.9,0.9531
22734933,701440707,1.75E+12,LP,04/07/2025,03:30:00,1.1855,4708.357,0,8655.0941,1.2331,0,5.264,234.3,0.983
22734933,701440707,1.75E+12,LP,04/07/2025,03:15:00,1.1487,4708.06,0,8655.0941,1.2022,0,5.064,237.4,0.9541
22734933,701440707,1.75E+12,LP,04/07/2025,03:00:00,1.2375,4707.773,0,8655.0941,1.2857,0,5.434,236.7001,0.9441
22734933,701440707,1.75E+12,LP,04/07/2025,02:45:00,1.1543,4707.464,0,8655.0941,1.2072,0,5.0761,237.9,0.9561
22734933,701440707,1.75E+12,LP,04/07/2025,02:30:00,1.2511,4707.175,0,8655.0941,1.3005,0,5.476,237.6001,0.9491
22734933,701440707,1.75E+12,LP,04/07/2025,02:15:00,1.1626,4706.862,0,8655.0941,1.2135,0,5.121,236.9,0.9521
22734933,701440707,1.75E+12,LP,04/07/2025,02:00:00,1.2524,4706.571,0,8655.0941,1.2972,0,5.514,235.2001,0.9581
22734933,701440707,1.75E+12,LP,04/07/2025,01:45:00,1.1757,4706.259,0,8655.0941,1.2223,0,5.191,235.5,0.9521
22734933,701440707,1.75E+12,LP,04/07/2025,01:30:00,1.2442,4705.965,0,8655.0941,1.2894,0,5.474,235.5,0.984
22734933,701440707,1.75E+12,LP,04/07/2025,01:15:00,1.2692,4705.654,0,8655.0941,1.3154,0,5.557,236.8,0.9531
22734933,701440707,1.75E+12,LP,04/07/2025,01:00:00,1.1875,4705.336,0,8655.0941,1.2354,0,5.226,236.4,0.9521
22734933,701440707,1.75E+12,LP,04/07/2025,00:45:00,1.2468,4705.04,0,8655.0941,1.2922,0,5.501,234.9,0.986
22734933,701440707,1.75E+12,LP,04/07/2025,00:30:00,1.2574,4704.728,0,8655.0941,1.2997,0,5.551,234.2001,0.961
22734933,701440707,1.75E+12,LP,04/07/2025,00:15:00,1.2719,4704.414,0,8655.0941,1.3202,0,5.557,237.5,0.9511
22734933,701440707,1.75E+12,LP,04/07/2025,00:00:00,1.2344,4704.095,0,8655.0941,1.2796,0,5.425,235.9,0.9471
22734933,701440707,1.75E+12,LP,03/07/2025,23:45:00,1.2135,4703.787,0,8655.0941,1.2609,0,5.361,235.2001,0.985
22734933,701440707,1.75E+12,LP,03/07/2025,23:30:00,1.3082,4703.483,0,8655.0941,1.3495,0,5.7861,233.2001,0.9571
22734933,701440707,1.75E+12,LP,03/07/2025,23:15:00,1.3559,4703.156,0,8655.0941,1.392,0,5.98,232.8,0.9591
22734933,701440707,1.75E+12,LP,03/07/2025,23:00:00,1.2914,4702.817,0,8655.0941,1.3267,0,5.774,229.8,0.964
22734933,701440707,1.75E+12,LP,03/07/2025,22:45:00,1.2389,4702.494,0,8655.0941,1.2777,0,5.501,232.3,0.962
22734933,701440707,1.75E+12,LP,03/07/2025,22:30:00,0.9816,4702.185,0,8655.0941,1.0201,0,4.362,235,0.979
22734933,701440707,1.75E+12,LP,03/07/2025,22:15:00,0.3244,4701.939,0,8655.0941,0.3655,0,1.551,235.6001,0.874
22734933,701440707,1.75E+12,LP,03/07/2025,22:00:00,0.3025,4701.858,0,8655.0941,0.343,0,1.453,236.2001,0.54
22734933,701440707,1.75E+12,LP,03/07/2025,21:45:00,0.3143,4701.782,0,8655.0941,0.355,0,1.489,238.4,0.543
22734933,701440707,1.75E+12,LP,03/07/2025,21:30:00,0.251,4701.704,0,8655.0941,0.2857,0,1.212,236.7001,0.528
22734933,701440707,1.75E+12,LP,03/07/2025,21:15:00,0.2659,4701.6411,0,8655.0941,0.294,0,1.228,239.4,0.904
22734933,701440707,1.75E+12,LP,03/07/2025,21:00:00,0.3007,4701.575,0,8655.0941,0.3305,0,1.3841,238.9,0.904
22734933,701440707,1.75E+12,LP,03/07/2025,20:45:00,0.4776,4701.499,0,8655.0941,0.5109,0,2.16,236.7001,0.912
22734933,701440707,1.75E+12,LP,03/07/2025,20:30:00,0.2398,4701.38,0,8655.0941,0.269,0,1.1381,235.9,0.9551
22734933,701440707,1.75E+12,LP,03/07/2025,20:15:00,0.1967,4701.32,0,8655.0941,0.2195,0,0.916,239.7001,0.922
22734933,701440707,1.75E+12,LP,03/07/2025,20:00:00,1.091,4701.271,0,8655.0941,1.123,0,4.684,240,0.902
22734933,701440707,1.75E+12,LP,03/07/2025,19:45:00,1.1261,4700.9981,0,8655.0941,1.1644,0,4.874,239.4,0.98
22734933,701440707,1.75E+12,LP,03/07/2025,19:30:00,0.1967,4700.716,0,8655.0941,0.2202,0,0.918,239.6001,0.908
22734933,701440707,1.75E+12,LP,03/07/2025,19:15:00,0.1242,4700.667,0,8655.0941,0.1436,0,0.607,237.1001,0.896
22734933,701440707,1.75E+12,LP,03/07/2025,19:00:00,0.0204,4700.636,0,8655.0941,0.0834,0,0.3481,239.4,0.545
22734933,701440707,1.75E+12,LP,03/07/2025,18:45:00,0.6066,4700.631,0,8655.0941,0.7614,0,3.194,239.3,0.127
22734933,701440707,1.75E+12,LP,03/07/2025,18:30:00,0.0004,4700.4801,0.0747,8655.0941,0.0122,0.2552,1.114,239.7001,0.251
22734933,701440707,1.75E+12,LP,03/07/2025,18:15:00,0,4700.4801,0.2639,8655.0761,0,0.3468,1.468,236.3,-0.549
22734933,701440707,1.75E+12,LP,03/07/2025,18:00:00,0,4700.4801,0.4153,8655.01,0,0.4636,1.947,238,-0.894
22734933,701440707,1.75E+12,LP,03/07/2025,17:45:00,0,4700.4801,0.3955,8654.906,0,0.4432,1.891,234.3,-0.879
22734933,701440707,1.75E+12,LP,03/07/2025,17:30:00,0,4700.4801,0.436,8654.807,0,0.4788,2.035,235.1001,-0.884
22734933,701440707,1.75E+12,LP,03/07/2025,17:15:00,0,4700.4801,0.5671,8654.698,0,0.6009,2.482,242,-0.922
22734933,701440707,1.75E+12,LP,03/07/2025,17:00:00,0,4700.4801,0.7875,8654.556,0,0.8064,3.361,239.8,-0.958
22734933,701440707,1.75E+12,LP,03/07/2025,16:45:00,0,4700.4801,0.9963,8654.359,0,1.0088,4.174,241.6001,-0.981
22734933,701440707,1.75E+12,LP,03/07/2025,16:30:00,0,4700.4801,1.4637,8654.11,0,1.4708,6.059,242.7001,-0.979
22734933,701440707,1.75E+12,LP,03/07/2025,16:15:00,0,4700.4801,1.4305,8653.745,0,1.4386,6.018,238.5,-0.99
22734933,701440707,1.75E+12,LP,03/07/2025,16:00:00,0,4700.4801,1.5662,8653.386,0,1.5753,6.554,239.4,-0.997
22734933,701440707,1.75E+12,LP,03/07/2025,15:45:00,0,4700.4801,1.6598,8652.995,0,1.6654,6.939,239.1001,-0.991
22734933,701440707,1.75E+12,LP,03/07/2025,15:30:00,0,4700.4801,2.6145,8652.58,0,2.6189,10.675,244.4,-1
22734933,701440707,1.75E+12,LP,03/07/2025,15:15:00,0,4700.4801,2.6817,8651.927,0,2.6868,10.853,246.8,-0.997
22734933,701440707,1.75E+12,LP,03/07/2025,15:00:00,0,4700.4801,3.2642,8651.257,0,3.2673,13.108,249,-0.998
22734933,701440707,1.75E+12,LP,03/07/2025,14:45:00,0.0015,4700.4801,2.414,8650.44,0.0054,2.4289,9.741,247.9,-0.998
22734933,701440707,1.75E+12,LP,03/07/2025,14:30:00,0.0015,4700.4801,2.3888,8649.836,0.0051,2.402,9.689,246.8,-0.966
22734933,701440707,1.75E+12,LP,03/07/2025,14:15:00,0,4700.4801,3.7214,8649.238,0,3.7292,15.082,246.4,-0.999
22734933,701440707,1.75E+12,LP,03/07/2025,14:00:00,0,4700.4801,3.2497,8648.308,0,3.2543,13.204,246.1001,-0.999
22734933,701440707,1.75E+12,LP,03/07/2025,13:45:00,0.0015,4700.4801,2.4317,8647.495,0.0047,2.447,9.877,246.7001,-0.998
22734933,701440707,1.75E+12,LP,03/07/2025,13:30:00,0.0015,4700.4801,2.4997,8646.887,0.0049,2.5092,10.031,248.8,-1
22734933,701440707,1.75E+12,LP,03/07/2025,13:15:00,0,4700.4801,1.754,8646.26,0,1.7611,7.123,247,-1
22734933,701440707,1.75E+12,LP,03/07/2025,13:00:00,0,4700.4801,1.5331,8645.822,0,1.5393,6.269,245.1001,-0.994
22734933,701440707,1.75E+12,LP,03/07/2025,12:45:00,0.0054,4700.4801,1.9264,8645.438,0.012,1.93,7.699,250.2001,-0.998
22734933,701440707,1.75E+12,LP,03/07/2025,12:30:00,0.0034,4700.479,2.1833,8644.957,0.0077,2.197,8.8251,247.3,-0.998
22734933,701440707,1.75E+12,LP,03/07/2025,12:15:00,0.0022,4700.479,1.8124,8644.411,0.0066,1.8282,7.452,242.6001,-0.999
22734933,701440707,1.75E+12,LP,03/07/2025,12:00:00,0.0015,4700.478,3.1568,8643.957,0.0025,3.1545,12.644,246.9,0.557
22734933,701440707,1.75E+12,LP,03/07/2025,11:45:00,0.0015,4700.478,3.165,8643.168,0.0051,3.1737,12.783,247.4,-1
22734933,701440707,1.75E+12,LP,03/07/2025,11:30:00,0,4700.478,3.7185,8642.379,0,3.7228,14.9691,248.3,-1
22734933,701440707,1.75E+12,LP,03/07/2025,11:15:00,0.0015,4700.478,3.3902,8641.449,0.0046,3.3969,13.617,247.9,-0.975
22734933,701440707,1.75E+12,LP,03/07/2025,11:00:00,0.0016,4700.478,2.4625,8640.6031,0.0049,2.4674,9.9,247.9,-0.922
22734933,701440707,1.75E+12,LP,03/07/2025,10:45:00,0,4700.478,2.572,8639.989,0,2.5809,10.4181,247.4,-0.993
22734933,701440707,1.75E+12,LP,03/07/2025,10:30:00,0.0032,4700.478,2.2538,8639.346,0.0094,2.266,9.042,249.3,-0.854
22734933,701440707,1.75E+12,LP,03/07/2025,10:15:00,0.0015,4700.478,2.6682,8638.783,0.005,2.6807,10.666,250.3,-0.998
22734933,701440707,1.75E+12,LP,03/07/2025,10:00:00,0,4700.478,3.2132,8638.115,0,3.216,12.993,247.2001,-1
22734933,701440707,1.75E+12,LP,03/07/2025,09:45:00,0,4700.478,3.3337,8637.311,0,3.338,13.475,247.1001,-0.998
22734933,701440707,1.75E+12,LP,03/07/2025,09:30:00,0,4700.478,2.888,8636.475,0,2.8927,11.7931,244.8,-1
22734933,701440707,1.75E+12,LP,03/07/2025,09:15:00,0,4700.478,2.323,8635.753,0,2.3271,9.629,241.3,-1
22734933,701440707,1.75E+12,LP,03/07/2025,09:00:00,0,4700.478,2.5809,8635.173,0,2.5872,10.52,245.2001,-1
22734933,701440707,1.75E+12,LP,03/07/2025,08:45:00,0,4700.478,2.6652,8634.527,0,2.6722,10.885,244.7001,-0.97
22734933,701440707,1.75E+12,LP,03/07/2025,08:30:00,0,4700.478,1.5979,8633.86,0,1.6072,6.699,239.4,-0.988
22734933,701440707,1.75E+12,LP,03/07/2025,08:15:00,0,4700.478,1.8087,8633.461,0,1.8156,7.53,240.6001,-0.997
22734933,701440707,1.75E+12,LP,03/07/2025,08:00:00,0,4700.478,0.6201,8633.009,0,0.6484,2.722,238.1001,-0.979
22734933,701440707,1.75E+12,LP,03/07/2025,07:45:00,0,4700.478,0.6533,8632.854,0,0.6787,2.861,237.2001,-0.941
22734933,701440707,1.75E+12,LP,03/07/2025,07:30:00,0,4700.478,0.4947,8632.691,0,0.5341,2.253,236.8,-0.968
22734933,701440707,1.75E+12,LP,03/07/2025,07:15:00,0,4700.478,0.2885,8632.5671,0,0.3675,1.548,237.3,-0.878
22734933,701440707,1.75E+12,LP,03/07/2025,07:00:00,0,4700.478,0.3825,8632.494,0,0.4415,1.837,240.2001,-0.775
22734933,701440707,1.75E+12,LP,03/07/2025,06:45:00,0,4700.478,0.1544,8632.399,0,0.2866,1.204,238,-0.635
22734933,701440707,1.75E+12,LP,03/07/2025,06:30:00,0,4700.478,0.08,8632.36,0,0.2649,1.105,239.7001,-0.418
22734933,701440707,1.75E+12,LP,03/07/2025,06:15:00,0.0066,4700.478,0.0102,8632.34,0.0492,0.1275,0.738,239.9,-0.14
22734933,701440707,1.75E+12,LP,03/07/2025,06:00:00,0.0356,4700.476,0,8632.338,0.0582,0,0.241,241.7001,0.558
22734933,701440707,1.75E+12,LP,03/07/2025,05:45:00,0.132,4700.468,0,8632.338,0.1637,0,0.6941,235.8,0.547
22734933,701440707,1.75E+12,LP,03/07/2025,05:30:00,0.1864,4700.435,0,8632.338,0.2188,0,0.932,234.9,0.553
22734933,701440707,1.75E+12,LP,03/07/2025,05:15:00,0.1629,4700.388,0,8632.338,0.1993,0,0.839,237.7001,0.937
22734933,701440707,1.75E+12,LP,03/07/2025,05:00:00,0.4555,4700.347,0,8632.338,0.4965,0,2.091,238.4,0.537
22734933,701440707,1.75E+12,LP,03/07/2025,04:45:00,1.2504,4700.234,0,8632.338,1.2972,0,5.484,236.5,0.9551
22734933,701440707,1.75E+12,LP,03/07/2025,04:30:00,1.1812,4699.921,0,8632.338,1.2345,0,5.189,237.9,0.9471
22734933,701440707,1.75E+12,LP,03/07/2025,04:15:00,1.1692,4699.626,0,8632.338,1.2207,0,5.142,237.3,0.9491
22734933,701440707,1.75E+12,LP,03/07/2025,04:00:00,1.2619,4699.3331,0,8632.338,1.3094,0,5.522,237.1001,1
22734933,701440707,1.75E+12,LP,03/07/2025,03:45:00,1.182,4699.018,0,8632.338,1.2324,0,5.192,237.4,0.9481
22734933,701440707,1.75E+12,LP,03/07/2025,03:30:00,1.2724,4698.723,0,8632.338,1.3205,0,5.559,237.6001,0.985
22734933,701440707,1.75E+12,LP,03/07/2025,03:15:00,1.206,4698.404,0,8632.338,1.2497,0,5.324,234.7001,0.9511
22734933,701440707,1.75E+12,LP,03/07/2025,03:00:00,1.2611,4698.103,0,8632.338,1.3029,0,5.594,232.9,0.987
22734933,701440707,1.75E+12,LP,03/07/2025,02:45:00,1.1917,4697.7881,0,8632.338,1.2347,0,5.296,233.1001,0.964
22734933,701440707,1.75E+12,LP,03/07/2025,02:30:00,0.4723,4697.49,0,8632.338,0.5121,0,2.172,237.1001,0.9551
22734933,701440707,1.75E+12,LP,03/07/2025,02:15:00,0.1857,4697.371,0,8632.338,0.2189,0,0.923,237.7001,0.549
22734933,701440707,1.75E+12,LP,03/07/2025,02:00:00,0.1635,4697.325,0,8632.338,0.2013,0,0.852,236.8,0.937
22734933,701440707,1.75E+12,LP,03/07/2025,01:45:00,0.2283,4697.284,0,8632.338,0.2677,0,1.113,241,0.542
22734933,701440707,1.75E+12,LP,03/07/2025,01:30:00,0.1655,4697.227,0,8632.338,0.1997,0,0.8301,240.6001,0.537
22734933,701440707,1.75E+12,LP,03/07/2025,01:15:00,0.1772,4697.186,0,8632.338,0.2164,0,0.903,239.7001,0.935
22734933,701440707,1.75E+12,LP,03/07/2025,01:00:00,0.223,4697.1411,0,8632.338,0.2615,0,1.095,239.5,0.531
22734933,701440707,1.75E+12,LP,03/07/2025,00:45:00,0.194,4697.086,0,8632.338,0.2283,0,0.9591,238.5,0.545
22734933,701440707,1.75E+12,LP,03/07/2025,00:30:00,0.164,4697.037,0,8632.338,0.203,0,0.855,237.9,0.937
22734933,701440707,1.75E+12,LP,03/07/2025,00:15:00,0.2277,4696.996,0,8632.338,0.2671,0,1.1301,237.3,0.542
22734933,701440707,1.75E+12,LP,03/07/2025,00:00:00,0.222,4696.939,0,8632.338,0.2579,0,1.08,239.1001,0.535
22734933,701440707,1.75E+12,LP,02/07/2025,23:45:00,0.1775,4696.884,0,8632.338,0.2154,0,0.902,238.9,0.728
22734933,701440707,1.75E+12,LP,02/07/2025,23:30:00,0.2129,4696.839,0,8632.338,0.2542,0,1.061,240.1001,0.937
22734933,701440707,1.75E+12,LP,02/07/2025,23:15:00,0.2235,4696.786,0,8632.338,0.2639,0,1.095,241.1001,0.521
22734933,701440707,1.75E+12,LP,02/07/2025,23:00:00,0.2379,4696.7301,0,8632.338,0.2795,0,1.157,241.6001,0.522
22734933,701440707,1.75E+12,LP,02/07/2025,22:45:00,0.219,4696.67,0,8632.338,0.256,0,1.07,239.6001,0.616
22734933,701440707,1.75E+12,LP,02/07/2025,22:30:00,0.231,4696.616,0,8632.338,0.2715,0,1.1441,237.6001,0.714
22734933,701440707,1.75E+12,LP,02/07/2025,22:15:00,2.5255,4696.558,0,8632.338,2.5506,0,10.972,234.1001,0.903
22734933,701440707,1.75E+12,LP,02/07/2025,22:00:00,3.4809,4695.927,0,8632.338,3.5009,0,15.054,232.5,1
22734933,701440707,1.75E+12,LP,02/07/2025,21:45:00,3.4777,4695.057,0,8632.338,3.4964,0,15.0301,232.6001,0.995
22734933,701440707,1.75E+12,LP,02/07/2025,21:30:00,3.633,4694.188,0,8632.338,3.6592,0,15.722,232.7001,0.978
22734933,701440707,1.75E+12,LP,02/07/2025,21:15:00,3.87,4693.28,0,8632.338,3.902,0,16.782,232.5,0.97
22734933,701440707,1.75E+12,LP,02/07/2025,21:00:00,3.7118,4692.312,0,8632.338,3.7367,0,16.3011,229.3,0.991
22734933,701440707,1.75E+12,LP,02/07/2025,20:45:00,3.4162,4691.385,0,8632.338,3.435,0,14.8381,231.5,0.997
22734933,701440707,1.75E+12,LP,02/07/2025,20:30:00,3.4249,4690.53,0,8632.338,3.4434,0,14.7801,232.9,0.994
22734933,701440707,1.75E+12,LP,02/07/2025,20:15:00,3.4072,4689.674,0,8632.338,3.426,0,14.695,233.1001,0.997
22734933,701440707,1.75E+12,LP,02/07/2025,20:00:00,3.4687,4688.823,0,8632.338,3.4873,0,14.784,235.8,0.985
22734933,701440707,1.75E+12,LP,02/07/2025,19:45:00,3.521,4687.956,0,8632.338,3.5432,0,15,236.2001,0.996
22734933,701440707,1.75E+12,LP,02/07/2025,19:30:00,3.4568,4687.075,0,8632.338,3.479,0,14.754,235.7001,0.99
22734933,701440707,1.75E+12,LP,02/07/2025,19:15:00,3.2595,4686.21,0,8632.338,3.2727,0,13.8861,235.6001,1
22734933,701440707,1.75E+12,LP,02/07/2025,19:00:00,1.3467,4685.396,0,8632.338,1.4035,0,5.97,236.7001,0.995
22734933,701440707,1.75E+12,LP,02/07/2025,18:45:00,0.035,4685.059,0,8632.338,0.2679,0,1.121,238.9,0.132
22734933,701440707,1.75E+12,LP,02/07/2025,18:30:00,0.0122,4685.05,0.0064,8632.338,0.182,0.0832,1.104,240.2001,0.132
22734933,701440707,1.75E+12,LP,02/07/2025,18:15:00,0,4685.048,0.0716,8632.336,0,0.2645,1.101,240.1001,-0.137
22734933,701440707,1.75E+12,LP,02/07/2025,18:00:00,0,4685.048,0.1426,8632.318,0,0.2853,1.184,240.8,-0.362
22734933,701440707,1.75E+12,LP,02/07/2025,17:45:00,0,4685.048,0.2068,8632.283,0,0.3145,1.309,240.3,-0.583
22734933,701440707,1.75E+12,LP,02/07/2025,17:30:00,0,4685.048,0.2928,8632.231,0,0.3698,1.539,240.2001,-0.724
22734933,701440707,1.75E+12,LP,02/07/2025,17:15:00,0,4685.048,0.413,8632.158,0,0.4671,1.922,243,-0.845
22734933,701440707,1.75E+12,LP,02/07/2025,17:00:00,0,4685.048,0.65,8632.055,0,0.6784,2.793,242.8,-0.927
22734933,701440707,1.75E+12,LP,02/07/2025,16:45:00,0,4685.048,0.8888,8631.893,0,0.9085,3.731,243,-0.973
22734933,701440707,1.75E+12,LP,02/07/2025,16:30:00,0,4685.048,1.2491,8631.671,0,1.2594,5.139,244.9,-0.968
22734933,701440707,1.75E+12,LP,02/07/2025,16:15:00,0,4685.048,1.5795,8631.359,0,1.5853,6.44,246,-0.995
22734933,701440707,1.75E+12,LP,02/07/2025,16:00:00,0,4685.048,1.8461,8630.964,0,1.8519,7.508,246.6001,-0.988
22734933,701440707,1.75E+12,LP,02/07/2025,15:45:00,0,4685.048,2.1105,8630.503,0,2.1149,8.669,243.8,-0.999
22734933,701440707,1.75E+12,LP,02/07/2025,15:30:00,0,4685.048,2.446,8629.976,0,2.4496,10.003,244.8,-0.998
22734933,701440707,1.75E+12,LP,02/07/2025,15:15:00,0,4685.048,2.7214,8629.364,0,2.7248,11.079,245.9,-0.995
22734933,701440707,1.75E+12,LP,02/07/2025,15:00:00,0,4685.048,2.9824,8628.684,0,2.9859,12.205,244.6001,-0.998
22734933,701440707,1.75E+12,LP,02/07/2025,14:45:00,0,4685.048,3.2309,8627.939,0,3.2345,13.109,246.7001,-0.998
22734933,701440707,1.75E+12,LP,02/07/2025,14:30:00,0,4685.048,3.4137,8627.131,0,3.4172,13.8121,247.4,-0.999
22734933,701440707,1.75E+12,LP,02/07/2025,14:15:00,0,4685.048,3.5323,8626.278,0,3.5369,14.23,248.3,-0.999
22734933,701440707,1.75E+12,LP,02/07/2025,14:00:00,0.0016,4685.048,2.5219,8625.397,0.0053,2.5249,10.118,248.8,-0.996
22734933,701440707,1.75E+12,LP,02/07/2025,13:45:00,0.0027,4685.048,2.3863,8624.768,0.007,2.3954,9.5751,249.3,-0.998
22734933,701440707,1.75E+12,LP,02/07/2025,13:30:00,0.0019,4685.048,2.528,8624.174,0.0053,2.5421,10.127,249.4,-1
22734933,701440707,1.75E+12,LP,02/07/2025,13:15:00,0.0015,4685.048,2.3706,8623.542,0.0046,2.382,9.517,248.8,-0.999
22734933,701440707,1.75E+12,LP,02/07/2025,13:00:00,0.0022,4685.048,2.3313,8622.9511,0.0061,2.3437,9.362,248.4,-1
22734933,701440707,1.75E+12,LP,02/07/2025,12:45:00,0.0015,4685.048,2.399,8622.3711,0.005,2.4186,9.682,248.2001,-0.973
22734933,701440707,1.75E+12,LP,02/07/2025,12:30:00,0.004,4685.048,2.0459,8621.771,0.0114,2.0601,8.248,248.8,-0.731
22734933,701440707,1.75E+12,LP,02/07/2025,12:15:00,0.0015,4685.048,2.7105,8621.261,0.0044,2.7216,10.807,250,-0.998
22734933,701440707,1.75E+12,LP,02/07/2025,12:00:00,0.0015,4685.048,2.7639,8620.583,0.0047,2.7749,11.105,248.8,-1
22734933,701440707,1.75E+12,LP,02/07/2025,11:45:00,0.003,4685.048,2.4117,8619.893,0.0075,2.4289,9.769,247.8,-0.997
22734933,701440707,1.75E+12,LP,02/07/2025,11:30:00,0,4685.048,4.4313,8619.2911,0,4.4317,17.884,247.1001,-1
22734933,701440707,1.75E+12,LP,02/07/2025,11:15:00,0.0015,4685.048,2.7724,8618.184,0.0047,2.7881,11.226,246.9,-1
22734933,701440707,1.75E+12,LP,02/07/2025,11:00:00,0,4685.048,4.3124,8617.488,0,4.3139,17.428,247.2001,-0.999
22734933,701440707,1.75E+12,LP,02/07/2025,10:45:00,0,4685.048,4.1305,8616.413,0,4.1359,16.695,246.7001,-0.999
22734933,701440707,1.75E+12,LP,02/07/2025,10:30:00,0,4685.048,4.0502,8615.381,0,4.0519,16.454,245.6001,-0.999
22734933,701440707,1.75E+12,LP,02/07/2025,10:15:00,0,4685.048,3.4479,8614.3711,0,3.4533,13.898,246.7001,-0.997
22734933,701440707,1.75E+12,LP,02/07/2025,10:00:00,0,4685.048,2.9338,8613.512,0,2.9418,12.016,242.6001,-1
22734933,701440707,1.75E+12,LP,02/07/2025,09:45:00,0,4685.048,2.6983,8612.779,0,2.706,11.036,242.7001,-0.952
22734933,701440707,1.75E+12,LP,02/07/2025,09:30:00,0,4685.048,3.1291,8612.101,0,3.1303,12.743,244.4,-0.94
22734933,701440707,1.75E+12,LP,02/07/2025,09:15:00,0,4685.048,3.1177,8611.32,0,3.124,12.704,245.2001,-0.997
22734933,701440707,1.75E+12,LP,02/07/2025,09:00:00,0,4685.048,2.6179,8610.54,0,2.6238,10.717,243.7001,-0.966
22734933,701440707,1.75E+12,LP,02/07/2025,08:45:00,0,4685.048,2.5162,8609.885,0,2.521,10.275,244.6001,-0.995
22734933,701440707,1.75E+12,LP,02/07/2025,08:30:00,0,4685.048,2.3677,8609.254,0,2.3746,9.732,243.5,-1
22734933,701440707,1.75E+12,LP,02/07/2025,08:15:00,0,4685.048,1.6695,8608.662,0,1.6783,7,238.7001,-0.999
22734933,701440707,1.75E+12,LP,02/07/2025,08:00:00,0,4685.048,1.5293,8608.244,0,1.5465,6.433,240,-1
22734933,701440707,1.75E+12,LP,02/07/2025,07:45:00,0,4685.048,0.9327,8607.8621,0,0.9685,4.089,236.4,-0.994
22734933,701440707,1.75E+12,LP,02/07/2025,07:30:00,0,4685.048,0.4791,8607.629,0,0.5541,2.361,234.3,-0.869
22734933,701440707,1.75E+12,LP,02/07/2025,07:15:00,0,4685.048,0.2547,8607.509,0,0.3697,1.568,235.8,-0.948
22734933,701440707,1.75E+12,LP,02/07/2025,07:00:00,0.8796,4685.048,0.0193,8607.446,0.8968,0.0454,4.002,235.5,-0.453
22734933,701440707,1.75E+12,LP,02/07/2025,06:45:00,1.2245,4684.828,0,8607.441,1.2445,0,5.308,234.5,0.988
22734933,701440707,1.75E+12,LP,02/07/2025,06:30:00,0.5984,4684.522,0.0162,8607.441,0.6149,0.0871,2.994,235.3,0.974
22734933,701440707,1.75E+12,LP,02/07/2025,06:15:00,0.0025,4684.372,0.0147,8607.437,0.0497,0.181,0.973,236.9,-0.165
22734933,701440707,1.75E+12,LP,02/07/2025,06:00:00,0.0164,4684.371,0,8607.434,0.0293,0,0.123,237.1001,0.5651
22734933,701440707,1.75E+12,LP,02/07/2025,05:45:00,0.105,4684.367,0,8607.434,0.128,0,0.544,235.3,0.558
22734933,701440707,1.75E+12,LP,02/07/2025,05:30:00,0.1431,4684.341,0,8607.434,0.1802,0,0.763,235.8,0.747
22734933,701440707,1.75E+12,LP,02/07/2025,05:15:00,0.2227,4684.305,0,8607.434,0.2607,0,1.101,236.7001,0.552
22734933,701440707,1.75E+12,LP,02/07/2025,05:00:00,0.169,4684.249,0,8607.434,0.2015,0,0.85,237.2001,0.548
22734933,701440707,1.75E+12,LP,02/07/2025,04:45:00,0.9907,4684.207,0,8607.434,1.0385,0,4.424,234.9,0.935
22734933,701440707,1.75E+12,LP,02/07/2025,04:30:00,1.0133,4683.959,0,8607.434,1.0595,0,4.476,237.1001,0.9521
22734933,701440707,1.75E+12,LP,02/07/2025,04:15:00,1.126,4683.706,0,8607.434,1.1718,0,4.9271,237.9,0.839
22734933,701440707,1.75E+12,LP,02/07/2025,04:00:00,0.8693,4683.424,0,8607.434,0.9078,0,3.84,237.3,0.983
22734933,701440707,1.75E+12,LP,02/07/2025,03:45:00,1.2559,4683.207,0,8607.434,1.3009,0,5.532,235.3,0.9531
22734933,701440707,1.75E+12,LP,02/07/2025,03:30:00,0.977,4682.893,0,8607.434,1.0285,0,4.292,239.4,0.9491
22734933,701440707,1.75E+12,LP,02/07/2025,03:15:00,1.179,4682.648,0,8607.434,1.2349,0,5.164,239.1001,0.9461
22734933,701440707,1.75E+12,LP,02/07/2025,03:00:00,0.9471,4682.353,0,8607.434,0.9939,0,4.167,238.9,0.883
22734933,701440707,1.75E+12,LP,02/07/2025,02:45:00,1.2719,4682.117,0,8607.434,1.3202,0,5.549,237.9,0.9501
22734933,701440707,1.75E+12,LP,02/07/2025,02:30:00,1.2432,4681.799,0,8607.434,1.2895,0,5.433,237.3,0.9501
22734933,701440707,1.75E+12,LP,02/07/2025,02:15:00,1.2203,4681.488,0,8607.434,1.268,0,5.363,236.3,0.976
22734933,701440707,1.75E+12,LP,02/07/2025,02:00:00,1.2175,4681.184,0,8607.434,1.2677,0,5.341,237.3,0.985
22734933,701440707,1.75E+12,LP,02/07/2025,01:45:00,1.2745,4680.879,0,8607.434,1.3199,0,5.573,236.8,0.9581
22734933,701440707,1.75E+12,LP,02/07/2025,01:30:00,1.2685,4680.561,0,8607.434,1.311,0,5.577,235,0.9511
22734933,701440707,1.75E+12,LP,02/07/2025,01:15:00,1.2559,4680.244,0,8607.434,1.3007,0,5.543,234.8,0.9511
22734933,701440707,1.75E+12,LP,02/07/2025,01:00:00,1.2659,4679.93,0,8607.434,1.311,0,5.589,234.8,0.9511
22734933,701440707,1.75E+12,LP,02/07/2025,00:45:00,1.2767,4679.6141,0,8607.434,1.3236,0,5.588,237,0.9491
22734933,701440707,1.75E+12,LP,02/07/2025,00:30:00,1.2765,4679.294,0,8607.434,1.3264,0,5.567,238.3,0.9511
22734933,701440707,1.75E+12,LP,02/07/2025,00:15:00,1.2819,4678.975,0,8607.434,1.3364,0,5.5601,240.2001,0.9481
22734933,701440707,1.75E+12,LP,02/07/2025,00:00:00,1.3137,4678.655,0,8607.434,1.364,0,5.666,240.7001,0.9491
22734933,701440707,1.75E+12,LP,01/07/2025,23:45:00,1.3274,4678.327,0,8607.434,1.3755,0,5.751,239.2001,0.973
22734933,701440707,1.75E+12,LP,01/07/2025,23:30:00,1.3433,4677.995,0,8607.434,1.3885,0,5.827,238.3,0.982
22734933,701440707,1.75E+12,LP,01/07/2025,23:15:00,1.3337,4677.66,0,8607.434,1.3765,0,5.8181,236.6001,0.984
22734933,701440707,1.75E+12,LP,01/07/2025,23:00:00,1.3144,4677.326,0,8607.434,1.3605,0,5.751,236.6001,0.9401
22734933,701440707,1.75E+12,LP,01/07/2025,22:45:00,1.3276,4676.997,0,8607.434,1.3697,0,5.814,235.6001,0.9541
22734933,701440707,1.75E+12,LP,01/07/2025,22:30:00,1.371,4676.666,0,8607.434,1.4109,0,6.01,234.7001,0.9551
22734933,701440707,1.75E+12,LP,01/07/2025,22:15:00,1.3379,4676.323,0,8607.434,1.3742,0,5.8741,233.9,0.9521
22734933,701440707,1.75E+12,LP,01/07/2025,22:00:00,1.3986,4675.9891,0,8607.434,1.4326,0,6.081,235.7001,0.98
22734933,701440707,1.75E+12,LP,01/07/2025,21:45:00,0.0164,4675.638,0,8607.434,0.0298,0,0.125,237.8,0.551
22734933,701440707,1.75E+12,LP,01/07/2025,21:30:00,0.0164,4675.634,0,8607.434,0.0298,0,0.125,238.1001,0.548
22734933,701440707,1.75E+12,LP,01/07/2025,21:15:00,0.0165,4675.63,0,8607.434,0.0296,0,0.123,239.7001,0.5711
22734933,701440707,1.75E+12,LP,01/07/2025,21:00:00,0.0166,4675.626,0,8607.434,0.0296,0,0.123,241.3,0.555
22734933,701440707,1.75E+12,LP,01/07/2025,20:45:00,0.0166,4675.622,0,8607.434,0.0296,0,0.123,241.6001,0.554
22734933,701440707,1.75E+12,LP,01/07/2025,20:30:00,0.0166,4675.618,0,8607.434,0.0298,0,0.124,240.3,0.5681
22734933,701440707,1.75E+12,LP,01/07/2025,20:15:00,0.0165,4675.6141,0,8607.434,0.03,0,0.125,239.7001,0.555
22734933,701440707,1.75E+12,LP,01/07/2025,20:00:00,0.0165,4675.609,0,8607.434,0.03,0,0.125,239.3,0.547
22734933,701440707,1.75E+12,LP,01/07/2025,19:45:00,0.0165,4675.6051,0,8607.434,0.03,0,0.125,240.4,0.551
22734933,701440707,1.75E+12,LP,01/07/2025,19:30:00,0.0663,4675.601,0,8607.434,0.082,0,0.342,242,0.542
22734933,701440707,1.75E+12,LP,01/07/2025,19:15:00,1.0863,4675.585,0,8607.434,1.1466,0,4.835,237.1001,0.9431
22734933,701440707,1.75E+12,LP,01/07/2025,19:00:00,1.1042,4675.313,0,8607.434,1.162,0,4.877,238.2001,0.9411
22734933,701440707,1.75E+12,LP,01/07/2025,18:45:00,1.1369,4675.037,0,8607.434,1.161,0,4.847,239.5,0.977
22734933,701440707,1.75E+12,LP,01/07/2025,18:30:00,0.8305,4674.753,0,8607.434,0.9018,0,3.757,239.3,0.978
22734933,701440707,1.75E+12,LP,01/07/2025,18:15:00,0.002,4674.545,0.0054,8607.434,0.1262,0.136,1.09,240.4,0.0361
22734933,701440707,1.75E+12,LP,01/07/2025,18:00:00,0,4674.545,0.0337,8607.433,0.0008,0.2548,1.073,238.1001,-0.07
22734933,701440707,1.75E+12,LP,01/07/2025,17:45:00,0,4674.545,0.1142,8607.424,0,0.27,1.1401,236.8,-0.222
22734933,701440707,1.75E+12,LP,01/07/2025,17:30:00,0,4674.545,0.3325,8607.396,0,0.3941,1.67,235.8,-0.76
22734933,701440707,1.75E+12,LP,01/07/2025,17:15:00,0,4674.545,0.4693,8607.313,0,0.5128,2.129,240.8,-0.829
22734933,701440707,1.75E+12,LP,01/07/2025,17:00:00,0,4674.545,0.7001,8607.195,0,0.7243,3.0141,240.3,-0.939
22734933,701440707,1.75E+12,LP,01/07/2025,16:45:00,0,4674.545,0.9044,8607.021,0,0.9217,3.8201,241.1001,-0.981
22734933,701440707,1.75E+12,LP,01/07/2025,16:30:00,0,4674.545,1.1813,8606.795,0,1.1927,4.896,243.3,-0.99
22734933,701440707,1.75E+12,LP,01/07/2025,16:15:00,0,4674.545,1.3454,8606.5,0,1.355,5.557,243.2001,-0.957
22734933,701440707,1.75E+12,LP,01/07/2025,16:00:00,0,4674.545,1.8176,8606.164,0,1.8237,7.439,244.6001,-0.978
22734933,701440707,1.75E+12,LP,01/07/2025,15:45:00,0,4674.545,2.103,8605.709,0,2.1093,8.59,245,-0.996
22734933,701440707,1.75E+12,LP,01/07/2025,15:30:00,0,4674.545,2.1474,8605.182,0,2.1515,8.861,242.1001,-0.983
22734933,701440707,1.75E+12,LP,01/07/2025,15:15:00,0,4674.545,2.8083,8604.645,0,2.8115,11.503,244.3,-0.996
22734933,701440707,1.75E+12,LP,01/07/2025,15:00:00,0,4674.545,2.87,8603.943,0,2.8734,11.7451,244.2001,-0.999
22734933,701440707,1.75E+12,LP,01/07/2025,14:45:00,0,4674.545,2.7912,8603.225,0,2.7955,11.455,242.9,-0.999
22734933,701440707,1.75E+12,LP,01/07/2025,14:30:00,0,4674.545,3.3266,8602.526,0,3.3315,13.507,245.7001,-0.996
22734933,701440707,1.75E+12,LP,01/07/2025,14:15:00,0.0015,4674.545,2.2105,8601.697,0.0047,2.2204,8.94,247.6001,-0.988
22734933,701440707,1.75E+12,LP,01/07/2025,14:00:00,0.005,4674.545,1.6889,8601.147,0.0114,1.7025,6.801,249.5,-0.996
22734933,701440707,1.75E+12,LP,01/07/2025,13:45:00,0,4674.544,2.2179,8600.724,0,2.2269,8.882,249.5,-0.984
22734933,701440707,1.75E+12,LP,01/07/2025,13:30:00,0.0015,4674.544,2.6855,8600.169,0.0049,2.6869,10.7451,248.8,-0.904
22734933,701440707,1.75E+12,LP,01/07/2025,13:15:00,0.0025,4674.544,2.0611,8599.497,0.007,2.0736,8.3221,247.8,-0.995
22734933,701440707,1.75E+12,LP,01/07/2025,13:00:00,0,4674.544,3.2784,8598.986,0,3.2808,13.111,248.8,-0.955
22734933,701440707,1.75E+12,LP,01/07/2025,12:45:00,0,4674.544,3.3443,8598.167,0,3.35,13.483,246.9,-0.997
22734933,701440707,1.75E+12,LP,01/07/2025,12:30:00,0,4674.544,3.5003,8597.328,0,3.5034,14.105,247.7001,-0.999
22734933,701440707,1.75E+12,LP,01/07/2025,12:15:00,0,4674.544,3.1192,8596.455,0,3.1219,12.557,247.8,-1
22734933,701440707,1.75E+12,LP,01/07/2025,12:00:00,0.0015,4674.544,2.588,8595.676,0.0046,2.6007,10.437,248.2001,-1
22734933,701440707,1.75E+12,LP,01/07/2025,11:45:00,0,4674.544,3.39,8595.031,0,3.3917,13.7611,246,-0.999
22734933,701440707,1.75E+12,LP,01/07/2025,11:30:00,0,4674.544,3.3283,8594.184,0,3.332,13.5461,245.5,-0.996
22734933,701440707,1.75E+12,LP,01/07/2025,11:15:00,0,4674.544,2.9359,8593.351,0,2.9415,12.041,243.3,-1
22734933,701440707,1.75E+12,LP,01/07/2025,11:00:00,0,4674.544,3.3877,8592.617,0,3.3908,13.727,246,-1
22734933,701440707,1.75E+12,LP,01/07/2025,10:45:00,0,4674.544,2.8913,8591.771,0,2.8953,11.731,246.1001,-1
22734933,701440707,1.75E+12,LP,01/07/2025,10:30:00,0.0015,4674.544,2.7238,8591.049,0.0051,2.7319,10.971,247.4,-0.996
22734933,701440707,1.75E+12,LP,01/07/2025,10:15:00,0.0016,4674.544,2.4742,8590.368,0.0047,2.4895,9.993,248,-0.997
22734933,701440707,1.75E+12,LP,01/07/2025,10:00:00,0,4674.544,1.8521,8589.749,0,1.8597,7.57,243.8,-1
22734933,701440707,1.75E+12,LP,01/07/2025,09:45:00,0.0015,4674.544,2.9498,8589.286,0.005,2.955,11.8891,247,-0.992
22734933,701440707,1.75E+12,LP,01/07/2025,09:30:00,0,4674.544,2.617,8588.549,0,2.6219,10.622,244.8,-0.997
22734933,701440707,1.75E+12,LP,01/07/2025,09:15:00,0.0015,4674.544,2.3369,8587.897,0.0047,2.3528,9.4661,247,-0.999
22734933,701440707,1.75E+12,LP,01/07/2025,09:00:00,0,4674.544,1.2439,8587.311,0,1.2574,5.186,240.9,-1
22734933,701440707,1.75E+12,LP,01/07/2025,08:45:00,0,4674.544,2.1425,8587.001,0,2.1506,8.772,244.2001,-1
22734933,701440707,1.75E+12,LP,01/07/2025,08:30:00,0,4674.544,1.4524,8586.465,0,1.4617,6.024,242,-0.988
22734933,701440707,1.75E+12,LP,01/07/2025,08:15:00,0,4674.544,1.3618,8586.102,0,1.3757,5.718,240.7001,-0.992
22734933,701440707,1.75E+12,LP,01/07/2025,08:00:00,0,4674.544,1.3212,8585.761,0,1.3322,5.521,240.9,-0.971
22734933,701440707,1.75E+12,LP,01/07/2025,07:45:00,0,4674.544,1.0293,8585.431,0,1.0407,4.372,237.7001,-0.979
22734933,701440707,1.75E+12,LP,01/07/2025,07:30:00,0,4674.544,0.7163,8585.174,0,0.7417,3.084,240.3,-0.98
22734933,701440707,1.75E+12,LP,01/07/2025,07:15:00,0,4674.544,0.5287,8584.995,0,0.5642,2.359,239.2001,-0.931
22734933,701440707,1.75E+12,LP,01/07/2025,07:00:00,0,4674.544,0.3535,8584.863,0,0.4165,1.739,239.5,-0.924
22734933,701440707,1.75E+12,LP,01/07/2025,06:45:00,0,4674.544,0.1825,8584.774,0,0.308,1.282,240.1001,-0.707
22734933,701440707,1.75E+12,LP,01/07/2025,06:30:00,0.1381,4674.544,0.034,8584.729,0.198,0.1751,1.563,238.8,-0.422
22734933,701440707,1.75E+12,LP,01/07/2025,06:15:00,0.1436,4674.51,0,8584.721,0.3052,0,1.283,238,0.795
22734933,701440707,1.75E+12,LP,01/07/2025,06:00:00,0.9165,4674.474,0,8584.721,0.9595,0,4.04,238.4,0.543
22734933,701440707,1.75E+12,LP,01/07/2025,05:45:00,0.955,4674.245,0,8584.721,1.0001,0,4.241,236,0.98
22734933,701440707,1.75E+12,LP,01/07/2025,05:30:00,1.1195,4674.006,0,8584.721,1.1627,0,4.987,233.2001,0.9501
22734933,701440707,1.75E+12,LP,01/07/2025,05:15:00,1.0505,4673.726,0,8584.721,1.0955,0,4.687,233.8,0.936
22734933,701440707,1.75E+12,LP,01/07/2025,05:00:00,1.0221,4673.464,0,8584.721,1.0682,0,4.566,234.1001,0.9561
22734933,701440707,1.75E+12,LP,01/07/2025,04:45:00,1.1646,4673.2081,0,8584.721,1.209,0,5.171,233.8,0.761
22734933,701440707,1.75E+12,LP,01/07/2025,04:30:00,1.2417,4672.917,0,8584.721,1.2822,0,5.515,232.5,0.961
22734933,701440707,1.75E+12,LP,01/07/2025,04:15:00,1.194,4672.607,0,8584.721,1.2347,0,5.312,232.4,0.96
22734933,701440707,1.75E+12,LP,01/07/2025,04:00:00,1.2131,4672.308,0,8584.721,1.2584,0,5.38,233.9,0.987
22734933,701440707,1.75E+12,LP,01/07/2025,03:45:00,1.2414,4672.005,0,8584.721,1.2837,0,5.469,234.7001,0.96
22734933,701440707,1.75E+12,LP,01/07/2025,03:30:00,1.1712,4671.695,0,8584.721,1.2185,0,5.195,234.7001,0.9511
22734933,701440707,1.75E+12,LP,01/07/2025,03:15:00,1.2555,4671.402,0,8584.721,1.2967,0,5.545,233.7001,0.96
22734933,701440707,1.75E+12,LP,01/07/2025,03:00:00,1.2507,4671.088,0,8584.721,1.2922,0,5.5201,234,0.961
22734933,701440707,1.75E+12,LP,01/07/2025,02:45:00,1.2026,4670.7751,0,8584.721,1.2431,0,5.327,233.4,0.9571
22734933,701440707,1.75E+12,LP,01/07/2025,02:30:00,1.2251,4670.475,0,8584.721,1.2711,0,5.398,235.4,0.988
22734933,701440707,1.75E+12,LP,01/07/2025,02:15:00,1.2679,4670.168,0,8584.721,1.313,0,5.546,236.6001,0.9541
22734933,701440707,1.75E+12,LP,01/07/2025,02:00:00,1.2431,4669.851,0,8584.721,1.287,0,5.469,235.4,0.9521
22734933,701440707,1.75E+12,LP,01/07/2025,01:45:00,1.1983,4669.541,0,8584.721,1.244,0,5.301,234.7001,0.9511
22734933,701440707,1.75E+12,LP,01/07/2025,01:30:00,1.2462,4669.241,0,8584.721,1.2902,0,5.5121,234,0.985
22734933,701440707,1.75E+12,LP,01/07/2025,01:15:00,1.2659,4668.93,0,8584.721,1.3075,0,5.578,234.3,0.9561
22734933,701440707,1.75E+12,LP,01/07/2025,01:00:00,1.1768,4668.613,0,8584.721,1.2197,0,5.227,233.3,0.9591
22734933,701440707,1.75E+12,LP,01/07/2025,00:45:00,1.3647,4668.319,0,8584.721,1.4023,0,5.9831,234.4,0.962
22734933,701440707,1.75E+12,LP,01/07/2025,00:30:00,1.3438,4667.978,0,8584.721,1.3821,0,5.8951,234.6001,0.9511
22734933,701440707,1.75E+12,LP,01/07/2025,00:15:00,4.374,4667.642,0,8584.721,4.3812,0,19.165,228.7001,0.9501
22734933,701440707,1.75E+12,LP,01/07/2025,00:00:00,4.4252,4666.549,0,8584.721,4.4312,0,19.573,226.3,1
22734933,701440707,1.75E+12,LP,30/06/2025,23:45:00,4.4229,4665.443,0,8584.721,4.4295,0,19.627,225.6001,0.998
22734933,701440707,1.75E+12,LP,30/06/2025,23:30:00,4.4345,4664.337,0,8584.721,4.4417,0,19.652,226,1
22734933,701440707,1.75E+12,LP,30/06/2025,23:15:00,4.4438,4663.228,0,8584.721,4.4515,0,19.717,225.7001,0.998
22734933,701440707,1.75E+12,LP,30/06/2025,23:00:00,4.5097,4662.117,0,8584.721,4.5165,0,19.76,228.5,0.998
22734933,701440707,1.75E+12,LP,30/06/2025,22:45:00,4.3056,4660.99,0,8584.721,4.3135,0,18.776,229.7001,0.998
22734933,701440707,1.75E+12,LP,30/06/2025,22:30:00,3.4548,4659.914,0,8584.721,3.4727,0,15.109,229.8,0.994
22734933,701440707,1.75E+12,LP,30/06/2025,22:15:00,3.5332,4659.05,0,8584.721,3.552,0,15.0781,235.5,0.994
22734933,701440707,1.75E+12,LP,30/06/2025,22:00:00,3.5539,4658.167,0,8584.721,3.5729,0,15.0941,236.7001,0.994
22734933,701440707,1.75E+12,LP,30/06/2025,21:45:00,3.5372,4657.279,0,8584.721,3.5554,0,15.055,236.1001,0.994
22734933,701440707,1.75E+12,LP,30/06/2025,21:30:00,3.5653,4656.395,0,8584.721,3.5858,0,15.255,235,0.975
22734933,701440707,1.75E+12,LP,30/06/2025,21:15:00,4.0903,4655.503,0,8584.721,4.1177,0,17.688,232.8,1
22734933,701440707,1.75E+12,LP,30/06/2025,21:00:00,4.5342,4654.481,0,8584.721,4.5604,0,19.889,229.2001,0.993
22734933,701440707,1.75E+12,LP,30/06/2025,20:45:00,3.3355,4653.348,0,8584.721,3.3519,0,14.363,233.3,0.991
22734933,701440707,1.75E+12,LP,30/06/2025,20:30:00,3.4177,4652.513,0,8584.721,3.4368,0,14.717,233.5,0.994
22734933,701440707,1.75E+12,LP,30/06/2025,20:15:00,3.4615,4651.659,0,8584.721,3.4792,0,14.759,235.7001,0.994
22734933,701440707,1.75E+12,LP,30/06/2025,20:00:00,3.3935,4650.794,0,8584.721,3.4122,0,14.706,232,0.994
22734933,701440707,1.75E+12,LP,30/06/2025,19:45:00,3.4937,4649.945,0,8584.721,3.5124,0,14.994,234.2001,0.994
22734933,701440707,1.75E+12,LP,30/06/2025,19:30:00,3.3988,4649.072,0,8584.721,3.4129,0,14.608,233.6001,0.995
22734933,701440707,1.75E+12,LP,30/06/2025,19:15:00,3.2202,4648.223,0,8584.721,3.2334,0,13.974,231.3,0.995
22734933,701440707,1.75E+12,LP,30/06/2025,19:00:00,0.166,4647.418,0,8584.721,0.2217,0,0.9591,234.5,0.995
22734933,701440707,1.75E+12,LP,30/06/2025,18:45:00,0.0364,4647.376,0,8584.721,0.273,0,1.139,239.6001,0.146
22734933,701440707,1.75E+12,LP,30/06/2025,18:30:00,0.0086,4647.367,0.0091,8584.721,0.1563,0.108,1.106,238.7001,0.115
22734933,701440707,1.75E+12,LP,30/06/2025,18:15:00,0,4647.366,0.1042,8584.7191,0,0.2711,1.1421,237.3,-0.154
22734933,701440707,1.75E+12,LP,30/06/2025,18:00:00,0,4647.366,0.1763,8584.693,0,0.3,1.2551,239,-0.513
22734933,701440707,1.75E+12,LP,30/06/2025,17:45:00,0,4647.366,0.2952,8584.649,0,0.3715,1.56,238,-0.7
22734933,701440707,1.75E+12,LP,30/06/2025,17:30:00,0,4647.366,0.3451,8584.575,0,0.4123,1.709,241,-0.863
22734933,701440707,1.75E+12,LP,30/06/2025,17:15:00,0,4647.366,0.5005,8584.489,0,0.5439,2.261,240.5,-0.915
22734933,701440707,1.75E+12,LP,30/06/2025,17:00:00,0,4647.366,0.7235,8584.363,0,0.747,3.111,239.9,-0.897
22734933,701440707,1.75E+12,LP,30/06/2025,16:45:00,0,4647.366,1.0465,8584.183,0,1.0593,4.392,240.8,-0.945
22734933,701440707,1.75E+12,LP,30/06/2025,16:30:00,0,4647.366,1.2457,8583.921,0,1.2549,5.176,242.3,-0.992
22734933,701440707,1.75E+12,LP,30/06/2025,16:15:00,0,4647.366,1.4342,8583.61,0,1.4425,5.925,243.1001,-0.993
22734933,701440707,1.75E+12,LP,30/06/2025,16:00:00,0,4647.366,1.815,8583.251,0,1.8202,7.44,244.5,-0.996
22734933,701440707,1.75E+12,LP,30/06/2025,15:45:00,0,4647.366,2.1601,8582.797,0,2.165,8.959,241.5,-0.999
22734933,701440707,1.75E+12,LP,30/06/2025,15:30:00,0,4647.366,2.5092,8582.257,0,2.512,10.2901,243.9,-0.998
22734933,701440707,1.75E+12,LP,30/06/2025,15:15:00,0,4647.366,2.2724,8581.6301,0,2.2805,9.283,245.5,-0.973
22734933,701440707,1.75E+12,LP,30/06/2025,15:00:00,0.0018,4647.366,2.6514,8581.062,0.005,2.6602,10.655,249,-0.916
22734933,701440707,1.75E+12,LP,30/06/2025,14:45:00,0,4647.366,3.1663,8580.399,0,3.1697,12.789,247.4,-0.999
22734933,701440707,1.75E+12,LP,30/06/2025,14:30:00,0,4647.366,3.2793,8579.609,0,3.2842,13.302,245.9,-0.997
22734933,701440707,1.75E+12,LP,30/06/2025,14:15:00,0,4647.366,3.0443,8578.789,0,3.0467,12.317,246.2001,-1
22734933,701440707,1.75E+12,LP,30/06/2025,14:00:00,0,4647.366,3.1524,8578.03,0,3.1585,12.708,246.8,-0.987
22734933,701440707,1.75E+12,LP,30/06/2025,13:45:00,0,4647.366,3.0144,8577.242,0,3.0215,12.127,247.7001,-0.985
22734933,701440707,1.75E+12,LP,30/06/2025,13:30:00,0,4647.366,3.095,8576.489,0,3.1027,12.49,246.9,-0.995
22734933,701440707,1.75E+12,LP,30/06/2025,13:15:00,0.0025,4647.366,3.0378,8575.712,0.0064,3.0435,12.252,246.2001,-0.927
22734933,701440707,1.75E+12,LP,30/06/2025,13:00:00,0,4647.366,3.8797,8574.955,0,3.8812,15.685,246,-0.994
22734933,701440707,1.75E+12,LP,30/06/2025,12:45:00,0,4647.366,3.1009,8573.9871,0,3.11,12.486,248.4,-0.999
22734933,701440707,1.75E+12,LP,30/06/2025,12:30:00,0.0035,4647.366,1.5031,8573.211,0.0114,1.5237,6.103,250.5,-1
22734933,701440707,1.75E+12,LP,30/06/2025,12:15:00,0.0025,4647.366,1.6652,8572.837,0.0088,1.6879,6.8,248.1001,-0.994
22734933,701440707,1.75E+12,LP,30/06/2025,12:00:00,0.0034,4647.366,2.3686,8572.422,0.0085,2.3744,9.49,248.6001,0.542
22734933,701440707,1.75E+12,LP,30/06/2025,11:45:00,0.0016,4647.366,2.4998,8571.83,0.0049,2.5118,10.037,249.4,-0.997
22734933,701440707,1.75E+12,LP,30/06/2025,11:30:00,0.0019,4647.366,2.2749,8571.206,0.0054,2.2935,9.169,249.3,-0.995
22734933,701440707,1.75E+12,LP,30/06/2025,11:15:00,0.0018,4647.366,2.6747,8570.636,0.0057,2.6882,10.755,249.2001,-0.996
22734933,701440707,1.75E+12,LP,30/06/2025,11:00:00,0.0018,4647.366,2.8123,8569.968,0.0055,2.8205,11.299,248.3,-0.998
22734933,701440707,1.75E+12,LP,30/06/2025,10:45:00,0,4647.366,4.4034,8569.266,0,4.4069,17.898,246.2001,-0.998
22734933,701440707,1.75E+12,LP,30/06/2025,10:30:00,0.0016,4647.366,2.757,8568.1661,0.0049,2.7687,11.264,245.2001,-1
22734933,701440707,1.75E+12,LP,30/06/2025,10:15:00,0,4647.366,4.0849,8567.4781,0,4.0904,16.45,248.6001,-0.998
22734933,701440707,1.75E+12,LP,30/06/2025,10:00:00,0,4647.366,3.7122,8566.456,0,3.7178,14.996,247.5,-1
22734933,701440707,1.75E+12,LP,30/06/2025,09:45:00,0,4647.366,3.4554,8565.527,0,3.4622,14.065,245.4,-1
22734933,701440707,1.75E+12,LP,30/06/2025,09:30:00,0,4647.366,3.7349,8564.661,0,3.7364,15.2031,245.6001,-0.963
22734933,701440707,1.75E+12,LP,30/06/2025,09:15:00,0,4647.366,2.7282,8563.7281,0,2.7338,11.182,243.7001,-0.997
22734933,701440707,1.75E+12,LP,30/06/2025,09:00:00,0,4647.366,2.8302,8563.043,0,2.8292,11.5141,244.6001,-0.995
22734933,701440707,1.75E+12,LP,30/06/2025,08:45:00,0,4647.366,2.3526,8562.337,0,2.3589,9.773,240.8,-1
22734933,701440707,1.75E+12,LP,30/06/2025,08:30:00,0,4647.366,1.4602,8561.748,0,1.4666,6.176,237.4,-0.995
22734933,701440707,1.75E+12,LP,30/06/2025,08:15:00,0,4647.366,1.418,8561.383,0,1.4254,5.87,242.7001,-0.998
22734933,701440707,1.75E+12,LP,30/06/2025,08:00:00,0,4647.366,1.2352,8561.028,0,1.2468,5.214,238.8,-0.999
22734933,701440707,1.75E+12,LP,30/06/2025,07:45:00,0,4647.366,0.7554,8560.7191,0,0.7758,3.245,239,-0.963
22734933,701440707,1.75E+12,LP,30/06/2025,07:30:00,0,4647.366,0.8398,8560.53,0,0.8595,3.577,240.3,-0.986
22734933,701440707,1.75E+12,LP,30/06/2025,07:15:00,0,4647.366,0.3768,8560.32,0,0.44,1.836,239.7001,-0.964
22734933,701440707,1.75E+12,LP,30/06/2025,07:00:00,0,4647.366,0.1709,8560.226,0,0.2962,1.241,238.5,-0.728
22734933,701440707,1.75E+12,LP,30/06/2025,06:45:00,0,4647.366,0.1272,8560.183,0,0.2776,1.163,238.6001,-0.463
22734933,701440707,1.75E+12,LP,30/06/2025,06:30:00,0,4647.366,0.0689,8560.151,0,0.2641,1.11,237.9,-0.48
22734933,701440707,1.75E+12,LP,30/06/2025,06:15:00,0.0103,4647.366,0.0025,8560.134,0.0944,0.0596,0.64,240.6001,-0.076
22734933,701440707,1.75E+12,LP,30/06/2025,06:00:00,0.0182,4647.363,0,8560.134,0.0332,0,0.137,240.7001,0.552
22734933,701440707,1.75E+12,LP,30/06/2025,05:45:00,0.0162,4647.358,0,8560.134,0.0293,0,0.124,235.7001,0.558
22734933,701440707,1.75E+12,LP,30/06/2025,05:30:00,0.0162,4647.354,0,8560.134,0.0293,0,0.124,234.8,0.547
22734933,701440707,1.75E+12,LP,30/06/2025,05:15:00,0.0164,4647.35,0,8560.134,0.0295,0,0.123,238.1001,0.55
22734933,701440707,1.75E+12,LP,30/06/2025,05:00:00,0.806,4647.3461,0,8560.134,0.8556,0,3.596,238.3,0.561
22734933,701440707,1.75E+12,LP,30/06/2025,04:45:00,0.8309,4647.145,0,8560.134,0.8786,0,3.7,237.9,0.9441
22734933,701440707,1.75E+12,LP,30/06/2025,04:30:00,0.855,4646.938,0,8560.134,0.904,0,3.813,237.5,0.9481
22734933,701440707,1.75E+12,LP,30/06/2025,04:15:00,1.0308,4646.724,0,8560.134,1.0938,0,4.581,238.7001,0.9
22734933,701440707,1.75E+12,LP,30/06/2025,04:00:00,0.8465,4646.467,0,8560.134,0.8997,0,3.7721,238.9,0.9431
22734933,701440707,1.75E+12,LP,30/06/2025,03:45:00,1.0512,4646.255,0,8560.134,1.116,0,4.671,238.8,0.9381
22734933,701440707,1.75E+12,LP,30/06/2025,03:30:00,1.0512,4645.992,0,8560.134,1.1158,0,4.6771,238.5,0.9441
22734933,701440707,1.75E+12,LP,30/06/2025,03:15:00,1.052,4645.729,0,8560.134,1.1145,0,4.676,238.3,0.9461
22734933,701440707,1.75E+12,LP,30/06/2025,03:00:00,1.3427,4645.466,0,8560.134,1.3812,0,5.801,238,0.966
22734933,701440707,1.75E+12,LP,30/06/2025,02:45:00,1.301,4645.131,0,8560.134,1.341,0,5.643,237.6001,0.97
22734933,701440707,1.75E+12,LP,30/06/2025,02:30:00,1.3027,4644.805,0,8560.134,1.3422,0,5.651,237.5,0.971
22734933,701440707,1.75E+12,LP,30/06/2025,02:15:00,1.2955,4644.4801,0,8560.134,1.3295,0,5.672,234.3,0.973
22734933,701440707,1.75E+12,LP,30/06/2025,02:00:00,1.2945,4644.156,0,8560.134,1.3277,0,5.68,233.7001,0.973
22734933,701440707,1.75E+12,LP,30/06/2025,01:45:00,1.2979,4643.832,0,8560.134,1.3319,0,5.683,234.3,0.975
22734933,701440707,1.75E+12,LP,30/06/2025,01:30:00,1.2987,4643.508,0,8560.134,1.3322,0,5.6851,234.3,0.973
22734933,701440707,1.75E+12,LP,30/06/2025,01:15:00,1.309,4643.183,0,8560.134,1.3459,0,5.682,236.8,0.975
22734933,701440707,1.75E+12,LP,30/06/2025,01:00:00,1.3105,4642.856,0,8560.134,1.348,0,5.691,236.8,0.97
22734933,701440707,1.75E+12,LP,30/06/2025,00:45:00,1.3109,4642.529,0,8560.134,1.3479,0,5.699,236.5,0.973
22734933,701440707,1.75E+12,LP,30/06/2025,00:30:00,1.3102,4642.201,0,8560.134,1.3469,0,5.6931,236.5,0.974
22734933,701440707,1.75E+12,LP,30/06/2025,00:15:00,3.5397,4641.8731,0,8560.134,3.5555,0,15.596,229.3,0.974
22734933,701440707,1.75E+12,LP,30/06/2025,00:00:00,4.4508,4640.991,0,8560.134,4.4576,0,19.611,227.2001,0.992
22734933,701440707,1.75E+12,LP,29/06/2025,23:45:00,4.469,4639.878,0,8560.134,4.4759,0,19.792,226.1001,0.973
22734933,701440707,1.75E+12,LP,29/06/2025,23:30:00,4.5338,4638.761,0,8560.134,4.543,0,20.011,227,1
22734933,701440707,1.75E+12,LP,29/06/2025,23:15:00,4.4727,4637.628,0,8560.134,4.4797,0,19.831,225.8,0.997
22734933,701440707,1.75E+12,LP,29/06/2025,23:00:00,3.7869,4636.508,0,8560.134,3.8077,0,16.459,231.4,0.981
22734933,701440707,1.75E+12,LP,29/06/2025,22:45:00,3.4887,4635.561,0,8560.134,3.5102,0,15.285,229.6001,0.993
22734933,701440707,1.75E+12,LP,29/06/2025,22:30:00,3.4178,4634.6901,0,8560.134,3.4357,0,14.892,230.7001,0.993
22734933,701440707,1.75E+12,LP,29/06/2025,22:15:00,3.4765,4633.835,0,8560.134,3.4933,0,15.243,229.1001,0.995
22734933,701440707,1.75E+12,LP,29/06/2025,22:00:00,3.3608,4632.966,0,8560.134,3.3797,0,14.976,225.6001,1
22734933,701440707,1.75E+12,LP,29/06/2025,21:45:00,0.2402,4632.126,0,8560.134,0.2557,0,1.104,235.4,0.995
22734933,701440707,1.75E+12,LP,29/06/2025,21:30:00,0.0278,4632.064,0,8560.134,0.0408,0,0.1741,234.7001,0.679
22734933,701440707,1.75E+12,LP,29/06/2025,21:15:00,0.0278,4632.057,0,8560.134,0.0408,0,0.1741,234.9,0.673
22734933,701440707,1.75E+12,LP,29/06/2025,21:00:00,0.0275,4632.05,0,8560.134,0.0405,0,0.1741,232.7001,0.671
22734933,701440707,1.75E+12,LP,29/06/2025,20:45:00,0.0273,4632.043,0,8560.134,0.0405,0,0.1741,231.3,0.684
22734933,701440707,1.75E+12,LP,29/06/2025,20:30:00,0.0275,4632.036,0,8560.134,0.0405,0,0.1731,232.9,0.677
22734933,701440707,1.75E+12,LP,29/06/2025,20:15:00,0.0275,4632.029,0,8560.134,0.0402,0,0.1721,232.7001,0.684
22734933,701440707,1.75E+12,LP,29/06/2025,20:00:00,0.0275,4632.022,0,8560.134,0.04,0,0.171,232.6001,0.682
22734933,701440707,1.75E+12,LP,29/06/2025,19:45:00,0.0273,4632.0161,0,8560.134,0.04,0,0.1721,231.9,0.681
22734933,701440707,1.75E+12,LP,29/06/2025,19:30:00,0.027,4632.009,0,8560.134,0.0395,0,0.17,231.6001,0.681
22734933,701440707,1.75E+12,LP,29/06/2025,19:15:00,0.3453,4632.002,0,8560.134,0.362,0,1.549,232.8,0.687
22734933,701440707,1.75E+12,LP,29/06/2025,19:00:00,1.35,4631.916,0,8560.134,1.3852,0,5.9591,232.4,0.983
22734933,701440707,1.75E+12,LP,29/06/2025,18:45:00,1.3077,4631.579,0,8560.134,1.3827,0,5.8821,235,0.9511
22734933,701440707,1.75E+12,LP,29/06/2025,18:30:00,1.2582,4631.252,0,8560.134,1.3364,0,5.662,236,0.9421
22734933,701440707,1.75E+12,LP,29/06/2025,18:15:00,1.1957,4630.937,0,8560.134,1.2735,0,5.409,235.4,0.9431
22734933,701440707,1.75E+12,LP,29/06/2025,18:00:00,1.1635,4630.638,0,8560.134,1.2444,0,5.263,236.4,0.9411
22734933,701440707,1.75E+12,LP,29/06/2025,17:45:00,1.1598,4630.347,0,8560.134,1.2365,0,5.272,234.5,0.937
22734933,701440707,1.75E+12,LP,29/06/2025,17:30:00,0.6023,4630.057,0.0912,8560.134,0.6772,0.1207,3.362,238.2001,0.9381
22734933,701440707,1.75E+12,LP,29/06/2025,17:15:00,0,4629.907,0.3493,8560.111,0,0.4123,1.72,239.6001,-0.811
22734933,701440707,1.75E+12,LP,29/06/2025,17:00:00,0,4629.907,0.3037,8560.024,0,0.4215,1.7611,239.2001,-0.84
22734933,701440707,1.75E+12,LP,29/06/2025,16:45:00,0.0131,4629.907,0.338,8559.948,0.0575,0.425,2.0021,240.6001,-0.828
22734933,701440707,1.75E+12,LP,29/06/2025,16:30:00,0.0175,4629.904,0.0273,8559.863,0.1403,0.1957,1.403,239.3,-0.307
22734933,701440707,1.75E+12,LP,29/06/2025,16:15:00,0.0047,4629.9001,0.1572,8559.857,0.0463,0.33,1.559,241.1001,-0.212
22734933,701440707,1.75E+12,LP,29/06/2025,16:00:00,0,4629.899,1.2133,8559.818,0,1.2682,5.167,244.6001,-0.763
22734933,701440707,1.75E+12,LP,29/06/2025,15:45:00,0,4629.899,2.1362,8559.516,0,2.1413,8.721,245.5,-1
22734933,701440707,1.75E+12,LP,29/06/2025,15:30:00,0,4629.899,2.4293,8558.982,0,2.4341,9.92,245.3,-1
22734933,701440707,1.75E+12,LP,29/06/2025,15:15:00,0,4629.899,2.7067,8558.375,0,2.7109,10.988,246.6001,-0.996
22734933,701440707,1.75E+12,LP,29/06/2025,15:00:00,0.0008,4629.899,2.2774,8557.698,0.0035,2.2915,9.2291,248.3,-0.997
22734933,701440707,1.75E+12,LP,29/06/2025,14:45:00,0.0008,4629.899,2.8309,8557.129,0.0015,2.8338,11.3701,248.9,0.553
22734933,701440707,1.75E+12,LP,29/06/2025,14:30:00,0.0015,4629.899,2.5492,8556.421,0.0049,2.563,10.283,248.7001,-0.994
22734933,701440707,1.75E+12,LP,29/06/2025,14:15:00,0.0015,4629.899,2.5939,8555.785,0.005,2.608,10.474,248.2001,-0.994
22734933,701440707,1.75E+12,LP,29/06/2025,14:00:00,0.0016,4629.899,2.5375,8555.136,0.0047,2.5509,10.22,249,-0.998
22734933,701440707,1.75E+12,LP,29/06/2025,13:45:00,0.0019,4629.899,2.1558,8554.502,0.0054,2.1715,8.683,248.9,-0.992
22734933,701440707,1.75E+12,LP,29/06/2025,13:30:00,0.0251,4629.899,1.6675,8553.965,0.0398,1.695,6.891,249.7001,-0.965
22734933,701440707,1.75E+12,LP,29/06/2025,13:15:00,0.0187,4629.894,2.0598,8553.547,0.0272,2.0814,8.361,251.1001,-0.994
22734933,701440707,1.75E+12,LP,29/06/2025,13:00:00,0.064,4629.889,1.4654,8553.031,0.0801,1.4822,6.196,250.8,-0.985
22734933,701440707,1.75E+12,LP,29/06/2025,12:45:00,0.007,4629.874,1.611,8552.665,0.0145,1.6219,6.465,249.9,-0.993
22734933,701440707,1.75E+12,LP,29/06/2025,12:30:00,0.005,4629.8731,1.65,8552.263,0.0107,1.6609,6.6241,249.6001,-0.997
22734933,701440707,1.75E+12,LP,29/06/2025,12:15:00,0.0057,4629.872,1.0367,8551.852,0.0148,1.0565,4.235,250.4,-0.994
22734933,701440707,1.75E+12,LP,29/06/2025,12:00:00,0.005,4629.871,1.594,8551.596,0.0131,1.6155,6.441,249.8,0.5651
22734933,701440707,1.75E+12,LP,29/06/2025,11:45:00,0.0053,4629.871,1.883,8551.195,0.0114,1.8972,7.594,248.9,-0.999
22734933,701440707,1.75E+12,LP,29/06/2025,11:30:00,0.0019,4629.87,2.9608,8550.726,0.0055,2.9767,11.819,250.5,0.534
22734933,701440707,1.75E+12,LP,29/06/2025,11:15:00,0.0004,4629.87,2.5582,8549.988,0.0034,2.5682,10.391,246.2001,-0.994
22734933,701440707,1.75E+12,LP,29/06/2025,11:00:00,0.0019,4629.87,3.4051,8549.346,0.0053,3.4165,13.734,248,-0.972
22734933,701440707,1.75E+12,LP,29/06/2025,10:45:00,0.0015,4629.87,2.7549,8548.497,0.0049,2.7587,11.148,245.6001,-0.997
22734933,701440707,1.75E+12,LP,29/06/2025,10:30:00,0.0015,4629.87,2.2688,8547.809,0.0046,2.2841,9.18,247.8,-0.995
22734933,701440707,1.75E+12,LP,29/06/2025,10:15:00,0.0046,4629.87,1.5824,8547.242,0.0105,1.5965,6.347,251,-0.995
22734933,701440707,1.75E+12,LP,29/06/2025,10:00:00,0,4629.87,2.0459,8546.845,0,2.051,8.3541,245.5,-0.997
22734933,701440707,1.75E+12,LP,29/06/2025,09:45:00,0,4629.87,1.552,8546.334,0,1.5595,6.408,243.2001,-0.995
22734933,701440707,1.75E+12,LP,29/06/2025,09:30:00,0,4629.87,1.1902,8545.946,0,1.1995,4.9671,241.4,-0.992
22734933,701440707,1.75E+12,LP,29/06/2025,09:15:00,0,4629.87,1.2043,8545.6481,0,1.2135,5.033,241.1001,-0.993
22734933,701440707,1.75E+12,LP,29/06/2025,09:00:00,0,4629.87,1.2309,8545.347,0,1.24,5.13,241.7001,-0.991
22734933,701440707,1.75E+12,LP,29/06/2025,08:45:00,0,4629.87,1.3335,8545.039,0,1.3414,5.537,242.2001,-0.992
22734933,701440707,1.75E+12,LP,29/06/2025,08:30:00,0,4629.87,1.3461,8544.706,0,1.3544,5.6081,241.4,-0.996
22734933,701440707,1.75E+12,LP,29/06/2025,08:15:00,0,4629.87,1.2819,8544.369,0,1.2904,5.333,241.8,-0.991
22734933,701440707,1.75E+12,LP,29/06/2025,08:00:00,0,4629.87,1.62,8544.049,0,1.6287,6.676,243.8,-0.993
22734933,701440707,1.75E+12,LP,29/06/2025,07:45:00,0,4629.87,1.7067,8543.643,0,1.7126,6.973,245.5,-0.96
22734933,701440707,1.75E+12,LP,29/06/2025,07:30:00,0,4629.87,1.1865,8543.217,0,1.1986,4.909,244,-0.994
22734933,701440707,1.75E+12,LP,29/06/2025,07:15:00,0.2528,4629.87,0.4014,8542.92,0.2729,0.4198,2.863,241.7001,-0.968
22734933,701440707,1.75E+12,LP,29/06/2025,07:00:00,0.5554,4629.807,0.0685,8542.82,0.5832,0.0849,2.793,239.7001,0.928
22734933,701440707,1.75E+12,LP,29/06/2025,06:45:00,0.4504,4629.668,0.0717,8542.803,0.4678,0.1179,2.465,238,0.965
22734933,701440707,1.75E+12,LP,29/06/2025,06:30:00,0.6642,4629.5561,0.0117,8542.785,0.68,0.0643,3.165,235.5,-0.491
22734933,701440707,1.75E+12,LP,29/06/2025,06:15:00,0.7744,4629.392,0,8542.784,0.8493,0,3.595,236.6001,0.977
22734933,701440707,1.75E+12,LP,29/06/2025,06:00:00,0.8382,4629.198,0,8542.784,0.8906,0,3.735,238.8,0.9441
22734933,701440707,1.75E+12,LP,29/06/2025,05:45:00,0.8095,4628.988,0,8542.784,0.8629,0,3.61,239.1001,0.936
22734933,701440707,1.75E+12,LP,29/06/2025,05:30:00,0.8159,4628.786,0,8542.784,0.8665,0,3.6391,238.5,0.9391
22734933,701440707,1.75E+12,LP,29/06/2025,05:15:00,0.8225,4628.581,0,8542.784,0.876,0,3.657,239.6001,0.936
22734933,701440707,1.75E+12,LP,29/06/2025,05:00:00,0.8243,4628.376,0,8542.784,0.878,0,3.665,239.9,0.9421
22734933,701440707,1.75E+12,LP,29/06/2025,04:45:00,1.0467,4628.17,0,8542.784,1.1145,0,4.6531,239.5,0.937
22734933,701440707,1.75E+12,LP,29/06/2025,04:30:00,0.8369,4627.909,0,8542.784,0.891,0,3.731,239.1001,0.935
22734933,701440707,1.75E+12,LP,29/06/2025,04:15:00,1.0434,4627.7,0,8542.784,1.1095,0,4.647,238.7001,0.9391
22734933,701440707,1.75E+12,LP,29/06/2025,04:00:00,1.0439,4627.439,0,8542.784,1.1065,0,4.649,237.9,0.9391
22734933,701440707,1.75E+12,LP,29/06/2025,03:45:00,1.045,4627.178,0,8542.784,1.107,0,4.649,238,0.937
22734933,701440707,1.75E+12,LP,29/06/2025,03:30:00,1.0462,4626.917,0,8542.784,1.1073,0,4.658,237.7001,0.9451
22734933,701440707,1.75E+12,LP,29/06/2025,03:15:00,1.0462,4626.655,0,8542.784,1.1043,0,4.67,236.4,0.9471
22734933,701440707,1.75E+12,LP,29/06/2025,03:00:00,1.0487,4626.393,0,8542.784,1.1057,0,4.6931,235.5,0.9521
22734933,701440707,1.75E+12,LP,29/06/2025,02:45:00,1.0516,4626.131,0,8542.784,1.1095,0,4.699,236.1001,0.9471
22734933,701440707,1.75E+12,LP,29/06/2025,02:30:00,1.0576,4625.868,0,8542.784,1.1132,0,4.719,235.8,0.9511
22734933,701440707,1.75E+12,LP,29/06/2025,02:15:00,1.0587,4625.604,0,8542.784,1.1148,0,4.722,236,0.9471
22734933,701440707,1.75E+12,LP,29/06/2025,02:00:00,1.0725,4625.339,0,8542.784,1.1385,0,4.735,240.4,0.9451
22734933,701440707,1.75E+12,LP,29/06/2025,01:45:00,1.1777,4625.071,0,8542.784,1.2349,0,5.133,240.5,0.9421
22734933,701440707,1.75E+12,LP,29/06/2025,01:30:00,1.2742,4624.777,0,8542.784,1.3295,0,5.517,241.1001,0.983
22734933,701440707,1.75E+12,LP,29/06/2025,01:15:00,1.3067,4624.4581,0,8542.784,1.3579,0,5.655,240.2001,0.9491
22734933,701440707,1.75E+12,LP,29/06/2025,01:00:00,1.2844,4624.1321,0,8542.784,1.3357,0,5.577,239.6001,0.9471
22734933,701440707,1.75E+12,LP,29/06/2025,00:45:00,1.3182,4623.811,0,8542.784,1.3639,0,5.745,237.4,0.9521
22734933,701440707,1.75E+12,LP,29/06/2025,00:30:00,1.2337,4623.481,0,8542.784,1.2824,0,5.4,237.5,0.9531
22734933,701440707,1.75E+12,LP,29/06/2025,00:15:00,0.2475,4623.173,0,8542.784,0.2876,0,1.212,237,0.539
22734933,701440707,1.75E+12,LP,29/06/2025,00:00:00,0.2265,4623.111,0,8542.784,0.2671,0,1.131,236,0.532
22734933,701440707,1.75E+12,LP,28/06/2025,23:45:00,0.2408,4623.054,0,8542.784,0.2821,0,1.193,236.5,0.527
22734933,701440707,1.75E+12,LP,28/06/2025,23:30:00,0.2384,4622.994,0,8542.784,0.2795,0,1.182,236.5,0.531
22734933,701440707,1.75E+12,LP,28/06/2025,23:15:00,0.2754,4622.934,0,8542.784,0.3145,0,1.34,235,0.537
22734933,701440707,1.75E+12,LP,28/06/2025,23:00:00,0.2838,4622.866,0,8542.784,0.3218,0,1.373,234.4,0.735
22734933,701440707,1.75E+12,LP,28/06/2025,22:45:00,0.2863,4622.795,0,8542.784,0.3278,0,1.374,238.7001,0.9381
22734933,701440707,1.75E+12,LP,28/06/2025,22:30:00,0.297,4622.723,0,8542.784,0.3388,0,1.429,237.3,0.9381
22734933,701440707,1.75E+12,LP,28/06/2025,22:15:00,0.2861,4622.649,0,8542.784,0.329,0,1.3781,238.9,0.9401
22734933,701440707,1.75E+12,LP,28/06/2025,22:00:00,0.363,4622.577,0,8542.784,0.4015,0,1.684,238.5,0.907
22734933,701440707,1.75E+12,LP,28/06/2025,21:45:00,0.4529,4622.486,0,8542.784,0.4993,0,2.065,241.8,0.52
22734933,701440707,1.75E+12,LP,28/06/2025,21:30:00,0.199,4622.3731,0,8542.784,0.2244,0,0.93,241.2001,0.908
22734933,701440707,1.75E+12,LP,28/06/2025,21:15:00,0.199,4622.323,0,8542.784,0.2239,0,0.931,240.3,0.912
22734933,701440707,1.75E+12,LP,28/06/2025,21:00:00,0.1982,4622.273,0,8542.784,0.2217,0,0.931,237.9,0.912
22734933,701440707,1.75E+12,LP,28/06/2025,20:45:00,0.1975,4622.224,0,8542.784,0.2215,0,0.933,237.2001,0.91
22734933,701440707,1.75E+12,LP,28/06/2025,20:30:00,0.199,4622.174,0,8542.784,0.2242,0,0.931,240.9,0.89
22734933,701440707,1.75E+12,LP,28/06/2025,20:15:00,0.2012,4622.125,0,8542.784,0.227,0,0.934,243,0.912
22734933,701440707,1.75E+12,LP,28/06/2025,20:00:00,0.0286,4622.0741,0,8542.784,0.0458,0,0.189,241.5,0.905
22734933,701440707,1.75E+12,LP,28/06/2025,19:45:00,0.0185,4622.067,0,8542.784,0.0349,0,0.1441,242.9,0.54
22734933,701440707,1.75E+12,LP,28/06/2025,19:30:00,0.0185,4622.062,0,8542.784,0.0345,0,0.1431,241.2001,0.527
22734933,701440707,1.75E+12,LP,28/06/2025,19:15:00,0.0181,4622.058,0,8542.784,0.0342,0,0.1441,237,0.533
22734933,701440707,1.75E+12,LP,28/06/2025,19:00:00,0.0192,4622.053,0,8542.784,0.0455,0,0.19,239.9,0.535
22734933,701440707,1.75E+12,LP,28/06/2025,18:45:00,0.0344,4622.049,0,8542.784,0.263,0,1.096,240,0.147
22734933,701440707,1.75E+12,LP,28/06/2025,18:30:00,0.0105,4622.04,0,8542.784,0.2689,0.0015,1.119,241.5,0.0431
22734933,701440707,1.75E+12,LP,28/06/2025,18:15:00,0.0193,4622.037,0,8542.784,0.2725,0,1.1261,241.9,0.076
22734933,701440707,1.75E+12,LP,28/06/2025,18:00:00,0.0108,4622.032,0,8542.784,0.2599,0.0008,1.098,237.3,0.082
22734933,701440707,1.75E+12,LP,28/06/2025,17:45:00,0,4622.03,0.0288,8542.784,0.0066,0.2448,1.07,234.7001,0.001
22734933,701440707,1.75E+12,LP,28/06/2025,17:30:00,0,4622.03,0.0665,8542.777,0,0.2548,1.084,235,-0.186
22734933,701440707,1.75E+12,LP,28/06/2025,17:15:00,0,4622.03,0.1205,8542.76,0,0.2709,1.1461,236.2001,-0.337
22734933,701440707,1.75E+12,LP,28/06/2025,17:00:00,0,4622.03,0.2088,8542.73,0,0.3149,1.321,238.2001,-0.564
22734933,701440707,1.75E+12,LP,28/06/2025,16:45:00,0,4622.03,0.2783,8542.678,0,0.361,1.5131,238.4,-0.771
22734933,701440707,1.75E+12,LP,28/06/2025,16:30:00,0,4622.03,0.8114,8542.608,0,0.8332,3.478,239.3,-0.918
22734933,701440707,1.75E+12,LP,28/06/2025,16:15:00,0,4622.03,1.3316,8542.406,0,1.3392,5.562,240.6001,-0.991
22734933,701440707,1.75E+12,LP,28/06/2025,16:00:00,0,4622.03,1.1783,8542.073,0,1.188,5.037,235.3,-0.994
22734933,701440707,1.75E+12,LP,28/06/2025,15:45:00,0,4622.03,2.3614,8541.779,0,2.3658,9.89,238.8,-1
22734933,701440707,1.75E+12,LP,28/06/2025,15:30:00,0,4622.03,2.6293,8541.188,0,2.633,10.859,242.2001,-1
22734933,701440707,1.75E+12,LP,28/06/2025,15:15:00,0,4622.03,3.5355,8540.531,0,3.5393,14.381,245.8,-0.997
22734933,701440707,1.75E+12,LP,28/06/2025,15:00:00,0,4622.03,3.6755,8539.6481,0,3.6804,15.012,244.6001,-1
22734933,701440707,1.75E+12,LP,28/06/2025,14:45:00,0,4622.03,2.4245,8538.726,0,2.4298,10.046,240.3,-0.997
22734933,701440707,1.75E+12,LP,28/06/2025,14:30:00,0,4622.03,3.5339,8538.1211,0,3.5375,14.35,246.1001,-0.995
22734933,701440707,1.75E+12,LP,28/06/2025,14:15:00,0,4622.03,2.101,8537.238,0,2.1089,8.693,242,-0.974
22734933,701440707,1.75E+12,LP,28/06/2025,14:00:00,0,4622.03,1.5091,8536.712,0,1.5219,6.297,240.2001,-0.988
22734933,701440707,1.75E+12,LP,28/06/2025,13:45:00,0.0218,4622.03,1.618,8536.336,0.0318,1.6402,6.658,249.7001,-0.994
22734933,701440707,1.75E+12,LP,28/06/2025,13:30:00,0.0277,4622.0251,1.559,8535.931,0.0453,1.5904,6.516,249.4,-0.973
22734933,701440707,1.75E+12,LP,28/06/2025,13:15:00,0.039,4622.019,1.8672,8535.543,0.0509,1.8872,7.728,249.6001,0.856
22734933,701440707,1.75E+12,LP,28/06/2025,13:00:00,0.0187,4622.01,2.228,8535.079,0.0288,2.2469,9.019,251,-0.986
22734933,701440707,1.75E+12,LP,28/06/2025,12:45:00,0.0055,4622.006,1.5544,8534.522,0.0122,1.5676,6.341,248.4,-1
22734933,701440707,1.75E+12,LP,28/06/2025,12:30:00,0.0018,4622.005,2.7153,8534.135,0.0057,2.7244,10.796,250.9,-0.997
22734933,701440707,1.75E+12,LP,28/06/2025,12:15:00,0.0043,4622.005,1.6849,8533.455,0.0125,1.7046,6.803,250,-0.996
22734933,701440707,1.75E+12,LP,28/06/2025,12:00:00,0.0046,4622.005,1.9409,8533.035,0.0105,1.9525,7.788,250.1001,-0.993
22734933,701440707,1.75E+12,LP,28/06/2025,11:45:00,0.0025,4622.005,2.0012,8532.55,0.0088,2.0204,8.089,248.9,-0.997
22734933,701440707,1.75E+12,LP,28/06/2025,11:30:00,0.0008,4622.005,2.8382,8532.052,0.0015,2.8403,11.518,245.3,0.55
22734933,701440707,1.75E+12,LP,28/06/2025,11:15:00,0.003,4622.005,2.2286,8531.345,0.0077,2.2404,9.038,248.5,-0.999
22734933,701440707,1.75E+12,LP,28/06/2025,11:00:00,0,4622.005,3.9812,8530.789,0,3.9825,15.975,247.9,-0.936
22734933,701440707,1.75E+12,LP,28/06/2025,10:45:00,0,4622.005,3.7637,8529.7911,0,3.771,15.1841,246.7001,-0.997
22734933,701440707,1.75E+12,LP,28/06/2025,10:30:00,0.0001,4622.005,2.5963,8528.851,0.0019,2.6124,10.541,246.7001,-1
22734933,701440707,1.75E+12,LP,28/06/2025,10:15:00,0.0032,4622.005,2.2093,8528.199,0.0082,2.2244,8.9021,248.4,0.113
22734933,701440707,1.75E+12,LP,28/06/2025,10:00:00,0.0002,4622.005,2.9464,8527.646,0.0005,2.9476,11.833,247.2001,0.549
22734933,701440707,1.75E+12,LP,28/06/2025,09:45:00,0,4622.005,2.5019,8526.911,0,2.5055,10.1521,245.8,-1
22734933,701440707,1.75E+12,LP,28/06/2025,09:30:00,0,4622.005,2.5525,8526.286,0,2.5583,10.405,245,-0.997
22734933,701440707,1.75E+12,LP,28/06/2025,09:15:00,0,4622.005,1.9734,8525.6481,0,1.9786,8.174,241,-0.976
22734933,701440707,1.75E+12,LP,28/06/2025,09:00:00,0,4622.005,2.9445,8525.155,0,2.9512,12.1201,243.2001,-0.998
22734933,701440707,1.75E+12,LP,28/06/2025,08:45:00,0,4622.005,2.31,8524.418,0,2.3146,9.558,241.6001,-0.993
22734933,701440707,1.75E+12,LP,28/06/2025,08:30:00,0,4622.005,1.9994,8523.84,0,2.0047,8.22,243.3,-0.917
22734933,701440707,1.75E+12,LP,28/06/2025,08:15:00,0,4622.005,2.14,8523.34,0,2.1442,8.885,241.2001,-0.999
22734933,701440707,1.75E+12,LP,28/06/2025,08:00:00,0,4622.005,0.9347,8522.805,0,0.999,4.146,240.4,-0.999
22734933,701440707,1.75E+12,LP,28/06/2025,07:45:00,0.0502,4622.005,0.2604,8522.572,0.1478,0.3269,1.976,239.6001,-0.999
22734933,701440707,1.75E+12,LP,28/06/2025,07:30:00,0.0162,4621.994,0.2871,8522.51,0.0551,0.4005,1.893,240.1001,0.521
22734933,701440707,1.75E+12,LP,28/06/2025,07:15:00,0.3486,4621.991,0.0605,8522.439,0.4088,0.0722,2.031,237.2001,0.257
22734933,701440707,1.75E+12,LP,28/06/2025,07:00:00,0.6236,4621.905,0.027,8522.424,0.6528,0.0357,2.9291,235.3,0.961
22734933,701440707,1.75E+12,LP,28/06/2025,06:45:00,0.7885,4621.749,0.0195,8522.417,0.8132,0.026,3.535,237.3,-0.771
22734933,701440707,1.75E+12,LP,28/06/2025,06:30:00,0.754,4621.552,0.0137,8522.413,0.7735,0.0471,3.462,237.3,0.973
22734933,701440707,1.75E+12,LP,28/06/2025,06:15:00,0.9129,4621.365,0,8522.41,0.9825,0,4.191,234.8,0.976
22734933,701440707,1.75E+12,LP,28/06/2025,06:00:00,1.3249,4621.137,0,8522.41,1.3629,0,5.833,233.6001,0.9531
22734933,701440707,1.75E+12,LP,28/06/2025,05:45:00,1.3019,4620.8061,0,8522.41,1.3381,0,5.713,234.2001,0.9481
22734933,701440707,1.75E+12,LP,28/06/2025,05:30:00,1.1838,4620.4801,0,8522.41,1.233,0,5.248,235,0.983
22734933,701440707,1.75E+12,LP,28/06/2025,05:15:00,1.0505,4620.184,0,8522.41,1.1067,0,4.689,235.9,0.9481
22734933,701440707,1.75E+12,LP,28/06/2025,05:00:00,1.0507,4619.9221,0,8522.41,1.1082,0,4.691,236.2001,0.9481
22734933,701440707,1.75E+12,LP,28/06/2025,04:45:00,1.056,4619.659,0,8522.41,1.1143,0,4.703,236.9,0.9491
22734933,701440707,1.75E+12,LP,28/06/2025,04:30:00,1.0515,4619.395,0,8522.41,1.1064,0,4.699,235.4,0.9491
22734933,701440707,1.75E+12,LP,28/06/2025,04:15:00,1.0548,4619.1321,0,8522.41,1.1098,0,4.702,236,0.9521
22734933,701440707,1.75E+12,LP,28/06/2025,04:00:00,1.0537,4618.868,0,8522.41,1.1075,0,4.7011,235.5,0.9501
22734933,701440707,1.75E+12,LP,28/06/2025,03:45:00,1.0627,4618.6051,0,8522.41,1.1142,0,4.749,234.6001,0.9541
22734933,701440707,1.75E+12,LP,28/06/2025,03:30:00,1.0744,4618.339,0,8522.41,1.1253,0,4.799,234.4,0.9541
22734933,701440707,1.75E+12,LP,28/06/2025,03:15:00,1.0938,4618.071,0,8522.41,1.1495,0,4.846,237.1001,0.9541
22734933,701440707,1.75E+12,LP,28/06/2025,03:00:00,0.5806,4617.7971,0,8522.41,0.6247,0,2.638,237.2001,0.9431
22734933,701440707,1.75E+12,LP,28/06/2025,02:45:00,0.0181,4617.652,0,8522.41,0.0332,0,0.139,237.5,0.539
22734933,701440707,1.75E+12,LP,28/06/2025,02:30:00,0.0181,4617.647,0,8522.41,0.0333,0,0.14,237.4,0.545
22734933,701440707,1.75E+12,LP,28/06/2025,02:15:00,0.0181,4617.643,0,8522.41,0.0332,0,0.14,236.7001,0.537
22734933,701440707,1.75E+12,LP,28/06/2025,02:00:00,0.018,4617.638,0,8522.41,0.0333,0,0.1411,235.5,0.547
22734933,701440707,1.75E+12,LP,28/06/2025,01:45:00,0.1564,4617.634,0,8522.41,0.1783,0,0.76,234.8,0.549
22734933,701440707,1.75E+12,LP,28/06/2025,01:30:00,0.4499,4617.595,0,8522.41,0.4833,0,2.067,233.8,0.931
22734933,701440707,1.75E+12,LP,28/06/2025,01:15:00,0.5692,4617.482,0,8522.41,0.6139,0,2.602,235.7001,0.93
22734933,701440707,1.75E+12,LP,28/06/2025,01:00:00,0.8151,4617.34,0,8522.41,0.8683,0,3.672,236.5,0.9421
22734933,701440707,1.75E+12,LP,28/06/2025,00:45:00,0.8229,4617.137,0,8522.41,0.8753,0,3.728,234.8,0.9511
22734933,701440707,1.75E+12,LP,28/06/2025,00:30:00,0.921,4616.9311,0,8522.41,0.9692,0,4.12,235.2001,0.911
22734933,701440707,1.75E+12,LP,28/06/2025,00:15:00,1.0172,4616.701,0,8522.41,1.066,0,4.526,235.5,0.9521
22734933,701440707,1.75E+12,LP,28/06/2025,00:00:00,1.1567,4616.446,0,8522.41,1.206,0,5.141,234.6001,0.9561
22734933,701440707,1.75E+12,LP,27/06/2025,23:45:00,1.4715,4616.157,0,8522.41,1.516,0,6.5441,231.7001,0.962
22734933,701440707,1.75E+12,LP,27/06/2025,23:30:00,1.8187,4615.79,0,8522.41,1.8578,0,8.128,228.7001,0.968
22734933,701440707,1.75E+12,LP,27/06/2025,23:15:00,2.606,4615.335,0,8522.41,2.6328,0,11.6491,226.2001,0.987
22734933,701440707,1.75E+12,LP,27/06/2025,23:00:00,3.3908,4614.684,0,8522.41,3.4083,0,15.002,227.1001,0.996
22734933,701440707,1.75E+12,LP,27/06/2025,22:45:00,3.4535,4613.836,0,8522.41,3.4737,0,15.24,227.9,0.996
22734933,701440707,1.75E+12,LP,27/06/2025,22:30:00,3.4672,4612.974,0,8522.41,3.4889,0,15.212,229.4,0.993
22734933,701440707,1.75E+12,LP,27/06/2025,22:15:00,3.4843,4612.107,0,8522.41,3.5034,0,15.305,228.9,0.993
22734933,701440707,1.75E+12,LP,27/06/2025,22:00:00,3.4899,4611.236,0,8522.41,3.5101,0,15.281,229.7001,0.984
22734933,701440707,1.75E+12,LP,27/06/2025,21:45:00,3.4813,4610.363,0,8522.41,3.5013,0,15.221,230,0.993
22734933,701440707,1.75E+12,LP,27/06/2025,21:30:00,3.4704,4609.493,0,8522.41,3.4893,0,15.132,230.6001,0.992
22734933,701440707,1.75E+12,LP,27/06/2025,21:15:00,3.4978,4608.626,0,8522.41,3.5167,0,15.143,232.3,1
22734933,701440707,1.75E+12,LP,27/06/2025,21:00:00,3.9565,4607.752,0,8522.41,3.9813,0,17.156,232,0.995
22734933,701440707,1.75E+12,LP,27/06/2025,20:45:00,3.3279,4606.762,0,8522.41,3.344,0,14.371,232.6001,0.995
22734933,701440707,1.75E+12,LP,27/06/2025,20:30:00,3.4072,4605.9311,0,8522.41,3.4267,0,14.752,232.2001,0.994
22734933,701440707,1.75E+12,LP,27/06/2025,20:15:00,3.3895,4605.079,0,8522.41,3.4072,0,14.76,230.8,0.974
22734933,701440707,1.75E+12,LP,27/06/2025,20:00:00,3.4572,4604.232,0,8522.41,3.477,0,14.833,234.4,1
22734933,701440707,1.75E+12,LP,27/06/2025,19:45:00,3.4264,4603.367,0,8522.41,3.447,0,14.77,233.3,0.971
22734933,701440707,1.75E+12,LP,27/06/2025,19:30:00,3.334,4602.511,0,8522.41,3.346,0,14.2291,235.1001,0.994
22734933,701440707,1.75E+12,LP,27/06/2025,19:15:00,2.0569,4601.678,0,8522.41,2.0758,0,8.77,237.9,0.995
22734933,701440707,1.75E+12,LP,27/06/2025,19:00:00,0.0223,4601.16,0,8522.41,0.0859,0,0.365,234.8,0.533
22734933,701440707,1.75E+12,LP,27/06/2025,18:45:00,0.0367,4601.155,0,8522.41,0.2646,0,1.12,236.1001,0.139
22734933,701440707,1.75E+12,LP,27/06/2025,18:30:00,0.0158,4601.145,0.0004,8522.41,0.2323,0.0284,1.102,236.5,0.132
22734933,701440707,1.75E+12,LP,27/06/2025,18:15:00,0,4601.142,0.0305,8522.41,0.0013,0.2564,1.089,236.4,-0.02
22734933,701440707,1.75E+12,LP,27/06/2025,18:00:00,0,4601.142,0.0742,8522.402,0,0.2594,1.101,235.5,-0.205
22734933,701440707,1.75E+12,LP,27/06/2025,17:45:00,0,4601.142,0.1368,8522.384,0,0.2767,1.176,235.2001,-0.333
22734933,701440707,1.75E+12,LP,27/06/2025,17:30:00,0,4601.142,0.4295,8522.35,0,0.4783,2.009,237.9,-0.75
22734933,701440707,1.75E+12,LP,27/06/2025,17:15:00,0,4601.142,0.3961,8522.242,0,0.4485,1.895,236.7001,-0.91
22734933,701440707,1.75E+12,LP,27/06/2025,17:00:00,0,4601.142,0.6165,8522.143,0,0.6474,2.698,239.7001,-0.886
22734933,701440707,1.75E+12,LP,27/06/2025,16:45:00,0,4601.142,0.7135,8521.989,0,0.7382,3.085,239,-0.972
22734933,701440707,1.75E+12,LP,27/06/2025,16:30:00,0,4601.142,1.1575,8521.811,0,1.1692,4.812,242.5,-0.967
22734933,701440707,1.75E+12,LP,27/06/2025,16:15:00,0.2645,4601.142,1.2819,8521.522,0.269,1.2919,6.444,242.3,-0.991
22734933,701440707,1.75E+12,LP,27/06/2025,16:00:00,1.8405,4601.076,0,8521.2,1.8801,0,7.937,236.9,0.989
22734933,701440707,1.75E+12,LP,27/06/2025,15:45:00,1.561,4600.616,0,8521.2,1.6073,0,6.855,234.6001,1
22734933,701440707,1.75E+12,LP,27/06/2025,15:30:00,0.7556,4600.224,0,8521.2,0.8453,0,3.572,236.5,0.915
22734933,701440707,1.75E+12,LP,27/06/2025,15:15:00,0.1095,4600.035,2.3553,8521.2,0.1244,2.359,10.172,243.7001,0.857
22734933,701440707,1.75E+12,LP,27/06/2025,15:00:00,0,4600.008,2.8355,8520.613,0,2.8417,11.7321,242.1001,-0.997
22734933,701440707,1.75E+12,LP,27/06/2025,14:45:00,0,4600.008,2.9613,8519.904,0,2.9685,12.211,242.8,-0.997
22734933,701440707,1.75E+12,LP,27/06/2025,14:30:00,0,4600.008,3.5049,8519.164,0,3.5108,14.211,246.3,-0.999
22734933,701440707,1.75E+12,LP,27/06/2025,14:15:00,0,4600.008,2.498,8518.29,0,2.5055,10.27,242.3,-1
22734933,701440707,1.75E+12,LP,27/06/2025,14:00:00,0,4600.008,3.3149,8517.6661,0,3.3161,13.536,244.2001,-0.966
22734933,701440707,1.75E+12,LP,27/06/2025,13:45:00,0,4600.008,3.2655,8516.839,0,3.2703,13.349,243.5,-0.999
22734933,701440707,1.75E+12,LP,27/06/2025,13:30:00,0,4600.008,3.2216,8516.019,0,3.223,13.087,244.7001,-0.998
22734933,701440707,1.75E+12,LP,27/06/2025,13:15:00,0.0015,4600.008,2.5803,8515.215,0.0047,2.5955,10.475,245.9,-1
22734933,701440707,1.75E+12,LP,27/06/2025,13:00:00,0.0019,4600.008,2.568,8514.569,0.0054,2.5815,10.33,248.7001,-0.998
22734933,701440707,1.75E+12,LP,27/06/2025,12:45:00,0.0016,4600.008,1.7913,8513.926,0.0051,1.8095,7.2011,250.7001,-0.995
22734933,701440707,1.75E+12,LP,27/06/2025,12:30:00,0.0061,4600.008,1.4149,8513.479,0.0153,1.4322,5.718,250.6001,-0.789
22734933,701440707,1.75E+12,LP,27/06/2025,12:15:00,0.0035,4600.0071,2.2778,8513.125,0.0085,2.2881,9.0721,250.6001,0.4741
22734933,701440707,1.75E+12,LP,27/06/2025,12:00:00,0.006,4600.0071,1.6305,8512.557,0.0128,1.6415,6.546,250.2001,-0.998
22734933,701440707,1.75E+12,LP,27/06/2025,11:45:00,0.0019,4600.006,2.3599,8512.149,0.0057,2.3729,9.486,249.6001,-0.998
22734933,701440707,1.75E+12,LP,27/06/2025,11:30:00,0.0016,4600.006,2.8602,8511.557,0.0051,2.874,11.513,249.1001,-0.999
22734933,701440707,1.75E+12,LP,27/06/2025,11:15:00,0.0016,4600.006,2.4513,8510.842,0.005,2.4657,9.951,247.6001,-1
22734933,701440707,1.75E+12,LP,27/06/2025,11:00:00,0.0029,4600.006,2.5043,8510.229,0.0079,2.5139,9.997,249.6001,-1
22734933,701440707,1.75E+12,LP,27/06/2025,10:45:00,0.002,4600.006,2.2398,8509.6031,0.0061,2.2513,8.99,249.5,-0.998
22734933,701440707,1.75E+12,LP,27/06/2025,10:30:00,0,4600.006,2.3828,8509.044,0,2.3874,9.6971,246.2001,-0.996
22734933,701440707,1.75E+12,LP,27/06/2025,10:15:00,0,4600.006,3.6145,8508.449,0,3.6168,14.685,245.4,-0.998
22734933,701440707,1.75E+12,LP,27/06/2025,10:00:00,0.0016,4600.006,2.753,8507.547,0.005,2.7677,11.169,246,-0.998
22734933,701440707,1.75E+12,LP,27/06/2025,09:45:00,0,4600.006,3.3614,8506.857,0,3.3677,13.77,243.2001,-1
22734933,701440707,1.75E+12,LP,27/06/2025,09:30:00,0,4600.006,3.1922,8506.017,0,3.1962,12.93,245.9,-0.998
22734933,701440707,1.75E+12,LP,27/06/2025,09:15:00,0,4600.006,2.498,8505.22,0,2.5017,10.2161,244,-0.952
22734933,701440707,1.75E+12,LP,27/06/2025,09:00:00,0,4600.006,2.7133,8504.598,0,2.7178,11.1041,243.7001,-0.994
22734933,701440707,1.75E+12,LP,27/06/2025,08:45:00,0,4600.006,2.3908,8503.92,0,2.3968,9.9181,240.8,-1
22734933,701440707,1.75E+12,LP,27/06/2025,08:30:00,0,4600.006,2.4695,8503.323,0,2.4744,10.286,240.3,-0.999
22734933,701440707,1.75E+12,LP,27/06/2025,08:15:00,0,4600.006,2.0598,8502.704,0,2.0647,8.6491,238.5,-0.997
22734933,701440707,1.75E+12,LP,27/06/2025,08:00:00,0.002,4600.006,1.1909,8502.19,0.0097,1.2005,5.117,236.3,-1
22734933,701440707,1.75E+12,LP,27/06/2025,07:45:00,0,4600.006,1.0741,8501.891,0,1.0877,4.596,235.8,-0.963
22734933,701440707,1.75E+12,LP,27/06/2025,07:30:00,0,4600.006,1.2962,8501.623,0,1.3045,5.471,238.3,-0.99
22734933,701440707,1.75E+12,LP,27/06/2025,07:15:00,0,4600.006,0.6795,8501.299,0,0.7055,2.987,236.2001,-0.98
22734933,701440707,1.75E+12,LP,27/06/2025,07:00:00,0,4600.006,0.4021,8501.129,0,0.4548,1.9061,238.5,-0.928
22734933,701440707,1.75E+12,LP,27/06/2025,06:45:00,0,4600.006,0.2474,8501.028,0,0.3384,1.416,238.8,-0.813
22734933,701440707,1.75E+12,LP,27/06/2025,06:30:00,0,4600.006,0.1375,8500.966,0,0.2823,1.175,240.2001,-0.614
22734933,701440707,1.75E+12,LP,27/06/2025,06:15:00,0.0007,4600.006,0.0488,8500.932,0.0263,0.2367,1.091,240.8,-0.389
22734933,701440707,1.75E+12,LP,27/06/2025,06:00:00,0.0164,4600.006,0,8500.92,0.0296,0,0.122,241.3,0.557
22734933,701440707,1.75E+12,LP,27/06/2025,05:45:00,0.0164,4600.001,0,8500.92,0.0291,0,0.121,241,0.5631
22734933,701440707,1.75E+12,LP,27/06/2025,05:30:00,0.1039,4599.997,0,8500.92,0.1237,0,0.526,236.8,0.56
22734933,701440707,1.75E+12,LP,27/06/2025,05:15:00,0.2429,4599.9711,0,8500.92,0.2706,0,1.143,236.7001,0.897
22734933,701440707,1.75E+12,LP,27/06/2025,05:00:00,0.2419,4599.911,0,8500.92,0.2695,0,1.139,236.5,0.893
22734933,701440707,1.75E+12,LP,27/06/2025,04:45:00,0.2424,4599.85,0,8500.92,0.2705,0,1.133,238.7001,0.899
22734933,701440707,1.75E+12,LP,27/06/2025,04:30:00,0.2427,4599.79,0,8500.92,0.2712,0,1.1321,239.5,0.9
22734933,701440707,1.75E+12,LP,27/06/2025,04:15:00,0.7521,4599.729,0,8500.92,0.7834,0,3.278,239.5,0.894
22734933,701440707,1.75E+12,LP,27/06/2025,04:00:00,0.9598,4599.541,0,8500.92,0.9957,0,4.164,239.2001,0.966
22734933,701440707,1.75E+12,LP,27/06/2025,03:45:00,1.1412,4599.301,0,8500.92,1.1713,0,4.9191,238.3,0.972
22734933,701440707,1.75E+12,LP,27/06/2025,03:30:00,0.9952,4599.0161,0,8500.92,1.0253,0,4.32,238.2001,0.989
22734933,701440707,1.75E+12,LP,27/06/2025,03:15:00,0.7088,4598.768,0,8500.92,0.753,0,3.158,238.8,0.9451
22734933,701440707,1.75E+12,LP,27/06/2025,03:00:00,0.7254,4598.59,0,8500.92,0.7755,0,3.224,241,0.934
22734933,701440707,1.75E+12,LP,27/06/2025,02:45:00,0.709,4598.409,0,8500.92,0.7616,0,3.1711,240.5,0.933
22734933,701440707,1.75E+12,LP,27/06/2025,02:30:00,0.7217,4598.231,0,8500.92,0.7698,0,3.221,239.6001,0.934
22734933,701440707,1.75E+12,LP,27/06/2025,02:15:00,0.7126,4598.051,0,8500.92,0.7581,0,3.184,238.6001,0.9411
22734933,701440707,1.75E+12,LP,27/06/2025,02:00:00,1.0088,4597.872,0,8500.92,1.0696,0,4.505,237.4,0.937
22734933,701440707,1.75E+12,LP,27/06/2025,01:45:00,0.7614,4597.62,0,8500.92,0.8076,0,3.402,237.6001,0.9411
22734933,701440707,1.75E+12,LP,27/06/2025,01:30:00,1.0035,4597.43,0,8500.92,1.062,0,4.495,236.2001,0.9411
22734933,701440707,1.75E+12,LP,27/06/2025,01:15:00,1.0056,4597.179,0,8500.92,1.0632,0,4.5041,236,0.9421
22734933,701440707,1.75E+12,LP,27/06/2025,01:00:00,1.0024,4596.928,0,8500.92,1.057,0,4.513,234.2001,0.9491
22734933,701440707,1.75E+12,LP,27/06/2025,00:45:00,1.0104,4596.677,0,8500.92,1.067,0,4.5281,235.5,0.9501
22734933,701440707,1.75E+12,LP,27/06/2025,00:30:00,3.7004,4596.425,0,8500.92,3.7158,0,16.125,231.1001,0.9471
22734933,701440707,1.75E+12,LP,27/06/2025,00:15:00,4.2067,4595.5,0,8500.92,4.2122,0,18.339,229.6001,1
22734933,701440707,1.75E+12,LP,27/06/2025,00:00:00,4.2007,4594.4491,0,8500.92,4.2068,0,18.342,229.3,0.998
22734933,701440707,1.75E+12,LP,26/06/2025,23:45:00,4.2222,4593.399,0,8500.92,4.2277,0,18.287,231.1001,0.998
22734933,701440707,1.75E+12,LP,26/06/2025,23:30:00,4.2348,4592.343,0,8500.92,4.2407,0,18.422,230.1001,0.998
22734933,701440707,1.75E+12,LP,26/06/2025,23:15:00,4.2992,4591.284,0,8500.92,4.3042,0,18.358,234.4,0.998
22734933,701440707,1.75E+12,LP,26/06/2025,23:00:00,4.2186,4590.21,0,8500.92,4.2245,0,18.257,231.3,0.998
22734933,701440707,1.75E+12,LP,26/06/2025,22:45:00,3.3115,4589.155,0,8500.92,3.327,0,14.209,234.1001,0.997
22734933,701440707,1.75E+12,LP,26/06/2025,22:30:00,3.3009,4588.327,0,8500.92,3.3153,0,14.012,236.6001,0.995
22734933,701440707,1.75E+12,LP,26/06/2025,22:15:00,3.2635,4587.502,0,8500.92,3.277,0,13.96,234.7001,1
22734933,701440707,1.75E+12,LP,26/06/2025,22:00:00,3.2667,4586.686,0,8500.92,3.2789,0,13.971,234.6001,0.995
22734933,701440707,1.75E+12,LP,26/06/2025,21:45:00,3.3045,4585.869,0,8500.92,3.3172,0,14.016,236.6001,0.995
22734933,701440707,1.75E+12,LP,26/06/2025,21:30:00,3.3045,4585.043,0,8500.92,3.3165,0,14.017,236.6001,0.996
22734933,701440707,1.75E+12,LP,26/06/2025,21:15:00,3.3272,4584.217,0,8500.92,3.3437,0,14.143,236.4,0.994
22734933,701440707,1.75E+12,LP,26/06/2025,21:00:00,2.833,4583.385,0,8500.92,2.8723,0,12.236,235.7001,0.995
22734933,701440707,1.75E+12,LP,26/06/2025,20:45:00,0.0182,4582.676,0,8500.92,0.032,0,0.134,238.8,0.741
22734933,701440707,1.75E+12,LP,26/06/2025,20:30:00,0.0165,4582.671,0,8500.92,0.0302,0,0.124,242.6001,0.548
22734933,701440707,1.75E+12,LP,26/06/2025,20:15:00,0.0166,4582.667,0,8500.92,0.0303,0,0.123,244.7001,0.543
22734933,701440707,1.75E+12,LP,26/06/2025,20:00:00,0.0166,4582.6631,0,8500.92,0.0302,0,0.124,243.5,0.549
22734933,701440707,1.75E+12,LP,26/06/2025,19:45:00,0.0166,4582.659,0,8500.92,0.0302,0,0.124,243.2001,0.555
22734933,701440707,1.75E+12,LP,26/06/2025,19:30:00,0.0166,4582.655,0,8500.92,0.0302,0,0.123,243.8,0.549
22734933,701440707,1.75E+12,LP,26/06/2025,19:15:00,0.0164,4582.651,0,8500.92,0.03,0,0.125,239.5,0.547
22734933,701440707,1.75E+12,LP,26/06/2025,19:00:00,0.0162,4582.646,0,8500.92,0.0298,0,0.126,236.4,0.543
22734933,701440707,1.75E+12,LP,26/06/2025,18:45:00,0.0344,4582.642,0,8500.92,0.2572,0,1.064,241.3,0.543
22734933,701440707,1.75E+12,LP,26/06/2025,18:30:00,0.0296,4582.634,0,8500.92,0.2697,0,1.122,240.3,0.13
22734933,701440707,1.75E+12,LP,26/06/2025,18:15:00,0.0027,4582.626,0.0125,8500.92,0.0692,0.1872,1.08,237.3,0.037
22734933,701440707,1.75E+12,LP,26/06/2025,18:00:00,0,4582.626,0.0917,8500.917,0,0.2696,1.127,239.1001,-0.115
22734933,701440707,1.75E+12,LP,26/06/2025,17:45:00,0,4582.626,0.2287,8500.894,0,0.3271,1.375,237.8,-0.568
22734933,701440707,1.75E+12,LP,26/06/2025,17:30:00,0,4582.626,0.3481,8500.837,0,0.4103,1.711,239.6001,-0.826
22734933,701440707,1.75E+12,LP,26/06/2025,17:15:00,0,4582.626,0.4412,8500.75,0,0.4873,2.032,239.7001,-0.866
22734933,701440707,1.75E+12,LP,26/06/2025,17:00:00,0,4582.626,0.6752,8500.64,0,0.7021,2.89,242.8,-0.937
22734933,701440707,1.75E+12,LP,26/06/2025,16:45:00,0,4582.626,1.042,8500.471,0,1.0547,4.36,241.9,-0.973
22734933,701440707,1.75E+12,LP,26/06/2025,16:30:00,0,4582.626,1.5345,8500.211,0,1.5415,6.268,245.8,-0.996
22734933,701440707,1.75E+12,LP,26/06/2025,16:15:00,0,4582.626,1.3698,8499.827,0,1.3777,5.727,240.7001,-0.99
22734933,701440707,1.75E+12,LP,26/06/2025,16:00:00,0,4582.626,2.325,8499.485,0,2.3292,9.324,249.6001,-0.997
22734933,701440707,1.75E+12,LP,26/06/2025,15:45:00,0,4582.626,2.1924,8498.904,0,2.197,8.951,245.4,-0.998
22734933,701440707,1.75E+12,LP,26/06/2025,15:30:00,0,4582.626,2.3309,8498.356,0,2.3411,9.497,246.4,-0.997
22734933,701440707,1.75E+12,LP,26/06/2025,15:15:00,0,4582.626,2.467,8497.772,0,2.4775,9.954,248.4,-0.982
22734933,701440707,1.75E+12,LP,26/06/2025,15:00:00,0.0499,4582.626,1.6105,8497.156,0.0584,1.62,6.7811,246.5,-0.994
22734933,701440707,1.75E+12,LP,26/06/2025,14:45:00,0.1182,4582.615,1.938,8496.7551,0.1274,1.9615,8.331,249.9,-0.995
22734933,701440707,1.75E+12,LP,26/06/2025,14:30:00,0,4582.586,3.0795,8496.2731,0,3.0862,12.393,248.4,-0.998
22734933,701440707,1.75E+12,LP,26/06/2025,14:15:00,0,4582.586,3.6737,8495.502,0,3.6792,14.863,247.2001,-0.996
22734933,701440707,1.75E+12,LP,26/06/2025,14:00:00,0.0019,4582.586,2.5148,8494.584,0.0053,2.5295,10.089,249.6001,-0.989
22734933,701440707,1.75E+12,LP,26/06/2025,13:45:00,0.004,4582.586,2.0776,8493.956,0.0088,2.0874,8.369,248.2001,-0.953
22734933,701440707,1.75E+12,LP,26/06/2025,13:30:00,0.0015,4582.585,2.5705,8493.439,0.0049,2.5825,10.317,248.6001,-0.99
22734933,701440707,1.75E+12,LP,26/06/2025,13:15:00,0.003,4582.585,2.0865,8492.796,0.0077,2.1004,8.377,248.9,-1
22734933,701440707,1.75E+12,LP,26/06/2025,13:00:00,0.0019,4582.585,2.5019,8492.274,0.0051,2.5148,10.044,249.2001,-0.999
22734933,701440707,1.75E+12,LP,26/06/2025,12:45:00,0.0037,4582.585,2.4504,8491.65,0.0089,2.4607,9.818,248.8,-0.904
22734933,701440707,1.75E+12,LP,26/06/2025,12:30:00,0.0015,4582.584,2.9015,8491.0411,0.005,2.9108,11.709,246.5,-1
22734933,701440707,1.75E+12,LP,26/06/2025,12:15:00,0.0015,4582.584,2.4061,8490.315,0.0055,2.427,9.732,247.9,-0.998
22734933,701440707,1.75E+12,LP,26/06/2025,12:00:00,0.0415,4582.584,1.6147,8489.712,0.0468,1.6385,6.771,247.5,-0.992
22734933,701440707,1.75E+12,LP,26/06/2025,11:45:00,0.0313,4582.5741,2.7993,8489.309,0.0379,2.8193,11.461,247.9,-0.868
22734933,701440707,1.75E+12,LP,26/06/2025,11:30:00,0.019,4582.567,2.7858,8488.611,0.0232,2.8117,11.452,246.9,-0.997
22734933,701440707,1.75E+12,LP,26/06/2025,11:15:00,0.0692,4582.563,3.6132,8487.914,0.0737,3.6163,14.804,247.7001,0.9581
22734933,701440707,1.75E+12,LP,26/06/2025,11:00:00,0.0015,4582.546,2.6448,8487.011,0.0041,2.6619,10.805,245.8,-0.983
22734933,701440707,1.75E+12,LP,26/06/2025,10:45:00,0,4582.546,4.1101,8486.35,0,4.1155,16.594,248.1001,-0.998
22734933,701440707,1.75E+12,LP,26/06/2025,10:30:00,0.0016,4582.546,2.3713,8485.323,0.0054,2.3856,9.551,248.6001,-0.992
22734933,701440707,1.75E+12,LP,26/06/2025,10:15:00,0.0035,4582.546,2.4151,8484.729,0.0079,2.4268,9.7131,248.3,-1
22734933,701440707,1.75E+12,LP,26/06/2025,10:00:00,0.0008,4582.546,2.1709,8484.126,0.0037,2.186,8.804,247.5,-0.886
22734933,701440707,1.75E+12,LP,26/06/2025,09:45:00,0.0032,4582.545,2.4729,8483.582,0.0057,2.4782,9.919,247.7001,0.557
22734933,701440707,1.75E+12,LP,26/06/2025,09:30:00,0,4582.545,2.3445,8482.964,0,2.3513,9.534,245.6001,-0.982
22734933,701440707,1.75E+12,LP,26/06/2025,09:15:00,0,4582.545,2.1337,8482.379,0,2.1383,8.815,242.4,-0.995
22734933,701440707,1.75E+12,LP,26/06/2025,09:00:00,0,4582.545,2.6583,8481.845,0,2.6629,10.802,246.4,-0.997
22734933,701440707,1.75E+12,LP,26/06/2025,08:45:00,0,4582.545,1.6644,8481.181,0,1.6707,6.9,242.2001,-0.998
22734933,701440707,1.75E+12,LP,26/06/2025,08:30:00,0,4582.545,1.8804,8480.765,0,1.886,7.824,240.9,-0.997
22734933,701440707,1.75E+12,LP,26/06/2025,08:15:00,0,4582.545,1.8614,8480.294,0,1.8675,7.719,241.6001,-1
22734933,701440707,1.75E+12,LP,26/06/2025,08:00:00,0,4582.545,1.2308,8479.829,0,1.2417,5.178,239.4,-1
22734933,701440707,1.75E+12,LP,26/06/2025,07:45:00,0,4582.545,0.8286,8479.521,0,0.8486,3.569,238.2001,-1
22734933,701440707,1.75E+12,LP,26/06/2025,07:30:00,0,4582.545,0.6652,8479.314,0,0.6924,2.865,241.4,-0.933
22734933,701440707,1.75E+12,LP,26/06/2025,07:15:00,0,4582.545,0.3872,8479.1481,0,0.445,1.855,240,-0.943
22734933,701440707,1.75E+12,LP,26/06/2025,07:00:00,0,4582.545,0.2756,8479.051,0,0.3587,1.487,241,-0.797
22734933,701440707,1.75E+12,LP,26/06/2025,06:45:00,0,4582.545,0.1665,8478.982,0,0.3012,1.244,242.1001,-0.72
22734933,701440707,1.75E+12,LP,26/06/2025,06:30:00,0,4582.545,0.0385,8478.94,0.0004,0.2661,1.101,241.9,-0.322
22734933,701440707,1.75E+12,LP,26/06/2025,06:15:00,0.014,4582.545,0.0002,8478.931,0.0934,0.019,0.468,240.1001,-0.021
22734933,701440707,1.75E+12,LP,26/06/2025,06:00:00,0.3658,4582.542,0,8478.931,0.3954,0,1.683,238.3,0.544
22734933,701440707,1.75E+12,LP,26/06/2025,05:45:00,0.994,4582.45,0,8478.931,1.0515,0,4.47,235.1001,0.9441
22734933,701440707,1.75E+12,LP,26/06/2025,05:30:00,0.996,4582.202,0,8478.931,1.055,0,4.471,235.9,0.9451
22734933,701440707,1.75E+12,LP,26/06/2025,05:15:00,1.005,4581.953,0,8478.931,1.068,0,4.492,237.7001,0.9431
22734933,701440707,1.75E+12,LP,26/06/2025,05:00:00,1.0121,4581.702,0,8478.931,1.0757,0,4.522,237.8,0.937
22734933,701440707,1.75E+12,LP,26/06/2025,04:45:00,1.0163,4581.4491,0,8478.931,1.082,0,4.533,238.7001,0.9411
22734933,701440707,1.75E+12,LP,26/06/2025,04:30:00,1.0163,4581.194,0,8478.931,1.0807,0,4.534,238.3,0.934
22734933,701440707,1.75E+12,LP,26/06/2025,04:15:00,1.016,4580.9401,0,8478.931,1.0807,0,4.529,238.5,0.937
22734933,701440707,1.75E+12,LP,26/06/2025,04:00:00,1.025,4580.686,0,8478.931,1.0897,0,4.554,239.2001,0.9381
22734933,701440707,1.75E+12,LP,26/06/2025,03:45:00,1.03,4580.43,0,8478.931,1.0938,0,4.577,238.9,0.9421
22734933,701440707,1.75E+12,LP,26/06/2025,03:30:00,1.1965,4580.1721,0,8478.931,1.2439,0,5.21,238.7001,0.9411
22734933,701440707,1.75E+12,LP,26/06/2025,03:15:00,1.2627,4579.874,0,8478.931,1.3042,0,5.472,238.3,0.967
22734933,701440707,1.75E+12,LP,26/06/2025,03:00:00,1.2611,4579.558,0,8478.931,1.3025,0,5.463,238.4,0.968
22734933,701440707,1.75E+12,LP,26/06/2025,02:45:00,1.2611,4579.243,0,8478.931,1.3004,0,5.482,237.1001,0.969
22734933,701440707,1.75E+12,LP,26/06/2025,02:30:00,1.2788,4578.927,0,8478.931,1.3162,0,5.558,236.7001,0.971
22734933,701440707,1.75E+12,LP,26/06/2025,02:15:00,1.3213,4578.608,0,8478.931,1.3645,0,5.681,240.1001,0.971
22734933,701440707,1.75E+12,LP,26/06/2025,02:00:00,1.3216,4578.277,0,8478.931,1.3652,0,5.676,240.5,0.967
22734933,701440707,1.75E+12,LP,26/06/2025,01:45:00,1.3747,4577.947,0,8478.931,1.4132,0,5.894,239.7001,0.971
22734933,701440707,1.75E+12,LP,26/06/2025,01:30:00,1.3202,4577.603,0,8478.931,1.3621,0,5.679,239.8,0.972
22734933,701440707,1.75E+12,LP,26/06/2025,01:15:00,1.3197,4577.273,0,8478.931,1.361,0,5.689,239.2001,0.972
22734933,701440707,1.75E+12,LP,26/06/2025,01:00:00,1.3212,4576.943,0,8478.931,1.3599,0,5.7,238.5,0.969
22734933,701440707,1.75E+12,LP,26/06/2025,00:45:00,1.3297,4576.613,0,8478.931,1.3698,0,5.7171,239.5,0.971
22734933,701440707,1.75E+12,LP,26/06/2025,00:30:00,1.3357,4576.281,0,8478.931,1.3752,0,5.759,238.7001,0.969
22734933,701440707,1.75E+12,LP,26/06/2025,00:15:00,1.347,4575.947,0,8478.931,1.3857,0,5.803,238.7001,0.971
22734933,701440707,1.75E+12,LP,26/06/2025,00:00:00,1.539,4575.61,0,8478.931,1.5736,0,6.569,239.7001,0.968
22734933,701440707,1.75E+12,LP,25/06/2025,23:45:00,1.01,4575.225,0,8478.931,1.0578,0,4.402,240.6001,0.985
22734933,701440707,1.75E+12,LP,25/06/2025,23:30:00,0.7102,4574.972,0,8478.931,0.7654,0,3.217,237.8,0.926
22734933,701440707,1.75E+12,LP,25/06/2025,23:15:00,0.7949,4574.794,0,8478.931,0.8504,0,3.5501,239.4,0.924
22734933,701440707,1.75E+12,LP,25/06/2025,23:00:00,0.8114,4574.5961,0,8478.931,0.8662,0,3.604,240.3,0.931
22734933,701440707,1.75E+12,LP,25/06/2025,22:45:00,0.9645,4574.393,0,8478.931,1.0174,0,4.266,238.4,0.9391
22734933,701440707,1.75E+12,LP,25/06/2025,22:30:00,1.0853,4574.152,0,8478.931,1.1401,0,4.805,237.2001,0.9511
22734933,701440707,1.75E+12,LP,25/06/2025,22:15:00,1.2344,4573.881,0,8478.931,1.2859,0,5.422,237.1001,0.9531
22734933,701440707,1.75E+12,LP,25/06/2025,22:00:00,1.5867,4573.573,0,8478.931,1.6355,0,6.883,237.6001,0.969
22734933,701440707,1.75E+12,LP,25/06/2025,21:45:00,2.2907,4573.176,0,8478.931,2.3359,0,9.808,238,1
22734933,701440707,1.75E+12,LP,25/06/2025,21:30:00,3.9945,4572.604,0,8478.931,4.025,0,17.146,235,0.987
22734933,701440707,1.75E+12,LP,25/06/2025,21:15:00,3.2928,4571.606,0,8478.931,3.3069,0,13.985,236.4,0.995
22734933,701440707,1.75E+12,LP,25/06/2025,21:00:00,3.3609,4570.783,0,8478.931,3.3759,0,14.279,236.4,0.995
22734933,701440707,1.75E+12,LP,25/06/2025,20:45:00,3.404,4569.943,0,8478.931,3.4247,0,14.68,233.2001,0.994
22734933,701440707,1.75E+12,LP,25/06/2025,20:30:00,3.4273,4569.092,0,8478.931,3.4459,0,14.756,233.5,0.994
22734933,701440707,1.75E+12,LP,25/06/2025,20:15:00,3.4849,4568.236,0,8478.931,3.5058,0,14.842,236.1001,0.994
22734933,701440707,1.75E+12,LP,25/06/2025,20:00:00,3.4802,4567.3641,0,8478.931,3.4984,0,14.817,236.1001,0.993
22734933,701440707,1.75E+12,LP,25/06/2025,19:45:00,3.4713,4566.494,0,8478.931,3.491,0,14.772,236.3,0.994
22734933,701440707,1.75E+12,LP,25/06/2025,19:30:00,3.3084,4565.627,0,8478.931,3.3242,0,14.105,235.6001,0.993
22734933,701440707,1.75E+12,LP,25/06/2025,19:15:00,3.3427,4564.8,0,8478.931,3.3563,0,14.265,235.2001,0.995
22734933,701440707,1.75E+12,LP,25/06/2025,19:00:00,0.3243,4563.964,0,8478.931,0.3453,0,1.468,236.4,0.995
22734933,701440707,1.75E+12,LP,25/06/2025,18:45:00,0.0351,4563.88,0,8478.931,0.2532,0,1.085,233.3,0.1731
22734933,701440707,1.75E+12,LP,25/06/2025,18:30:00,0.0115,4563.871,0.0039,8478.931,0.1715,0.0794,1.072,233.9,0.135
22734933,701440707,1.75E+12,LP,25/06/2025,18:15:00,0,4563.869,0.0515,8478.931,0,0.2499,1.068,234,-0.083
22734933,701440707,1.75E+12,LP,25/06/2025,18:00:00,0,4563.869,0.1539,8478.918,0,0.2826,1.196,236.1001,-0.405
22734933,701440707,1.75E+12,LP,25/06/2025,17:45:00,0,4563.869,0.2347,8478.879,0,0.3252,1.3801,235.6001,-0.645
22734933,701440707,1.75E+12,LP,25/06/2025,17:30:00,0,4563.869,0.3169,8478.821,0,0.3772,1.625,232.1001,-0.81
22734933,701440707,1.75E+12,LP,25/06/2025,17:15:00,0,4563.869,0.4464,8478.741,0,0.4883,2.074,235.2001,-0.878
22734933,701440707,1.75E+12,LP,25/06/2025,17:00:00,0,4563.869,0.5893,8478.6301,0,0.6189,2.609,237.2001,-0.934
22734933,701440707,1.75E+12,LP,25/06/2025,16:45:00,0,4563.869,0.9255,8478.482,0,0.9406,3.93,238.8,-0.963
22734933,701440707,1.75E+12,LP,25/06/2025,16:30:00,0,4563.869,0.7479,8478.251,0,0.7794,3.269,238,-0.993
22734933,701440707,1.75E+12,LP,25/06/2025,16:15:00,0,4563.869,0.7596,8478.065,0,0.7905,3.2961,239.6001,-0.957
22734933,701440707,1.75E+12,LP,25/06/2025,16:00:00,0,4563.869,1.361,8477.875,0,1.3865,5.697,242.9,-0.973
22734933,701440707,1.75E+12,LP,25/06/2025,15:45:00,0,4563.869,1.8139,8477.535,0,1.83,7.462,245,-0.998
22734933,701440707,1.75E+12,LP,25/06/2025,15:30:00,0,4563.869,2.0905,8477.081,0,2.1023,8.592,244.5,-0.981
22734933,701440707,1.75E+12,LP,25/06/2025,15:15:00,0,4563.869,2.5875,8476.558,0,2.5914,10.503,246.1001,-0.988
22734933,701440707,1.75E+12,LP,25/06/2025,15:00:00,0,4563.869,1.5455,8475.913,0,1.5542,6.452,240,-1
22734933,701440707,1.75E+12,LP,25/06/2025,14:45:00,0,4563.869,1.477,8475.526,0,1.484,6.213,238,-0.997
22734933,701440707,1.75E+12,LP,25/06/2025,14:30:00,0,4563.869,2.7355,8475.1571,0,2.7393,11.101,246.2001,-0.997
22734933,701440707,1.75E+12,LP,25/06/2025,14:15:00,0,4563.869,2.8304,8474.473,0,2.8344,11.359,248.5,-0.992
22734933,701440707,1.75E+12,LP,25/06/2025,14:00:00,0.006,4563.869,1.8162,8473.766,0.0128,1.8282,7.293,248.4,-0.999
22734933,701440707,1.75E+12,LP,25/06/2025,13:45:00,0,4563.868,1.4295,8473.315,0,1.4725,5.9351,240.4,-0.998
22734933,701440707,1.75E+12,LP,25/06/2025,13:30:00,0,4563.868,1.5005,8472.955,0,1.5314,6.234,240.3,-0.795
22734933,701440707,1.75E+12,LP,25/06/2025,13:15:00,0,4563.868,2.6257,8472.582,0,2.6299,10.611,247.2001,-0.986
22734933,701440707,1.75E+12,LP,25/06/2025,13:00:00,0.002,4563.868,2.2498,8471.926,0.0054,2.2614,9.068,248.5,-1
22734933,701440707,1.75E+12,LP,25/06/2025,12:45:00,0.0015,4563.868,2.6583,8471.365,0.0059,2.6705,10.651,250.2001,-0.997
22734933,701440707,1.75E+12,LP,25/06/2025,12:30:00,0.002,4563.868,2.398,8470.7011,0.0057,2.4123,9.632,249.9,-1
22734933,701440707,1.75E+12,LP,25/06/2025,12:15:00,0.0016,4563.868,2.6198,8470.102,0.0054,2.6309,10.542,249.5,-1
22734933,701440707,1.75E+12,LP,25/06/2025,12:00:00,0.0027,4563.868,2.3508,8469.446,0.0075,2.3656,9.477,248.2001,-0.999
22734933,701440707,1.75E+12,LP,25/06/2025,11:45:00,0.0016,4563.868,2.939,8468.859,0.005,2.9487,11.875,247.3,-0.997
22734933,701440707,1.75E+12,LP,25/06/2025,11:30:00,0,4563.868,4.1075,8468.125,0,4.112,16.727,245.3,-0.999
22734933,701440707,1.75E+12,LP,25/06/2025,11:15:00,0,4563.868,4.3924,8467.097,0,4.3945,17.789,246.7001,-1
22734933,701440707,1.75E+12,LP,25/06/2025,11:00:00,0.0015,4563.868,2.8195,8465.999,0.0047,2.8343,11.4151,246.4,-0.997
22734933,701440707,1.75E+12,LP,25/06/2025,10:45:00,0.0022,4563.868,2.5524,8465.294,0.0055,2.5623,10.2291,249.5,-0.997
22734933,701440707,1.75E+12,LP,25/06/2025,10:30:00,0.0015,4563.868,2.669,8464.656,0.0053,2.6793,10.769,247.9,-0.999
22734933,701440707,1.75E+12,LP,25/06/2025,10:15:00,0,4563.868,3.2402,8463.989,0,3.2453,13.206,244.9,-1
22734933,701440707,1.75E+12,LP,25/06/2025,10:00:00,0,4563.868,3.3295,8463.177,0,3.3328,13.472,247.1001,-1
22734933,701440707,1.75E+12,LP,25/06/2025,09:45:00,0,4563.868,3.0372,8462.345,0,3.0417,12.432,244.5,-0.998
22734933,701440707,1.75E+12,LP,25/06/2025,09:30:00,0,4563.868,3.0745,8461.5851,0,3.0782,12.515,245.8,-0.999
22734933,701440707,1.75E+12,LP,25/06/2025,09:15:00,0,4563.868,2.8205,8460.816,0,2.8245,11.467,246.2001,-0.997
22734933,701440707,1.75E+12,LP,25/06/2025,09:00:00,0,4563.868,2.615,8460.1121,0,2.6204,10.519,248.9,-1
22734933,701440707,1.75E+12,LP,25/06/2025,08:45:00,0,4563.868,2.2906,8459.459,0,2.2972,9.295,246.8,-0.996
22734933,701440707,1.75E+12,LP,25/06/2025,08:30:00,0,4563.868,1.8954,8458.887,0,1.9009,7.723,246.1001,-0.997
22734933,701440707,1.75E+12,LP,25/06/2025,08:15:00,0,4563.868,1.3695,8458.413,0,1.3779,5.696,241.7001,-0.996
22734933,701440707,1.75E+12,LP,25/06/2025,08:00:00,0,4563.868,1.3981,8458.071,0,1.4054,5.8821,238.7001,-0.995
22734933,701440707,1.75E+12,LP,25/06/2025,07:45:00,0,4563.868,1.3281,8457.721,0,1.3352,5.606,238.1001,-0.974
22734933,701440707,1.75E+12,LP,25/06/2025,07:30:00,0,4563.868,0.9589,8457.3891,0,0.9732,4.05,240.1001,-0.993
22734933,701440707,1.75E+12,LP,25/06/2025,07:15:00,0,4563.868,0.5572,8457.149,0,0.5922,2.466,240.2001,-0.968
22734933,701440707,1.75E+12,LP,25/06/2025,07:00:00,0.4407,4563.868,0.1314,8457.01,0.4671,0.153,2.592,239.5,-0.861
22734933,701440707,1.75E+12,LP,25/06/2025,06:45:00,0.7808,4563.758,0,8456.9781,0.8171,0,3.4091,239.6001,0.9471
22734933,701440707,1.75E+12,LP,25/06/2025,06:30:00,0.9081,4563.563,0,8456.9781,0.9355,0,3.918,238.7001,0.9531
22734933,701440707,1.75E+12,LP,25/06/2025,06:15:00,1.0316,4563.336,0,8456.9781,1.0663,0,4.433,240.5,0.978
22734933,701440707,1.75E+12,LP,25/06/2025,06:00:00,1.0582,4563.078,0,8456.9781,1.1237,0,4.694,239.3,0.9411
22734933,701440707,1.75E+12,LP,25/06/2025,05:45:00,1.055,4562.813,0,8456.9781,1.1148,0,4.696,237.3,0.9501
22734933,701440707,1.75E+12,LP,25/06/2025,05:30:00,1.0533,4562.55,0,8456.9781,1.111,0,4.697,236.5,0.9441
22734933,701440707,1.75E+12,LP,25/06/2025,05:15:00,1.0463,4562.286,0,8456.9781,1.0985,0,4.703,233.5,0.9551
22734933,701440707,1.75E+12,LP,25/06/2025,05:00:00,1.0525,4562.0251,0,8456.9781,1.107,0,4.7091,235,0.9501
22734933,701440707,1.75E+12,LP,25/06/2025,04:45:00,1.0547,4561.762,0,8456.9781,1.1067,0,4.727,234.1001,0.9551
22734933,701440707,1.75E+12,LP,25/06/2025,04:30:00,1.0522,4561.4981,0,8456.9781,1.1059,0,4.714,234.5,0.9521
22734933,701440707,1.75E+12,LP,25/06/2025,04:15:00,1.0537,4561.235,0,8456.9781,1.109,0,4.705,235.6001,0.9521
22734933,701440707,1.75E+12,LP,25/06/2025,04:00:00,1.056,4560.972,0,8456.9781,1.1101,0,4.713,235.5,0.9521
22734933,701440707,1.75E+12,LP,25/06/2025,03:45:00,1.0584,4560.7081,0,8456.9781,1.1133,0,4.724,235.6001,0.9511
22734933,701440707,1.75E+12,LP,25/06/2025,03:30:00,1.0643,4560.443,0,8456.9781,1.118,0,4.749,235.4,0.9501
22734933,701440707,1.75E+12,LP,25/06/2025,03:15:00,1.0753,4560.177,0,8456.9781,1.1343,0,4.768,237.8,0.9521
22734933,701440707,1.75E+12,LP,25/06/2025,03:00:00,1.0857,4559.908,0,8456.9781,1.1443,0,4.803,238.2001,0.9441
22734933,701440707,1.75E+12,LP,25/06/2025,02:45:00,1.1001,4559.637,0,8456.9781,1.1597,0,4.8581,238.7001,0.9521
22734933,701440707,1.75E+12,LP,25/06/2025,02:30:00,1.0975,4559.362,0,8456.9781,1.1578,0,4.853,238.5,0.9501
22734933,701440707,1.75E+12,LP,25/06/2025,02:15:00,0.3653,4559.087,0,8456.9781,0.4025,0,1.679,240.8,0.935
22734933,701440707,1.75E+12,LP,25/06/2025,02:00:00,0.0185,4558.995,0,8456.9781,0.0333,0,0.138,240.5,0.583
22734933,701440707,1.75E+12,LP,25/06/2025,01:45:00,0.0187,4558.991,0,8456.9781,0.0337,0,0.139,242.2001,0.557
22734933,701440707,1.75E+12,LP,25/06/2025,01:30:00,0.191,4558.986,0,8456.9781,0.2167,0,0.889,243.7001,0.552
22734933,701440707,1.75E+12,LP,25/06/2025,01:15:00,0.4439,4558.938,0,8456.9781,0.4823,0,1.996,241.6001,0.919
22734933,701440707,1.75E+12,LP,25/06/2025,01:00:00,0.461,4558.827,0,8456.9781,0.4997,0,2.062,242.2001,0.921
22734933,701440707,1.75E+12,LP,25/06/2025,00:45:00,0.5427,4558.712,0,8456.9781,0.5814,0,2.396,242.6001,0.6951
22734933,701440707,1.75E+12,LP,25/06/2025,00:30:00,0.5572,4558.576,0,8456.9781,0.5969,0,2.45,243.5,0.933
22734933,701440707,1.75E+12,LP,25/06/2025,00:15:00,0.6889,4558.437,0,8456.9781,0.7275,0,3.003,242.2001,0.933
22734933,701440707,1.75E+12,LP,25/06/2025,00:00:00,0.8071,4558.265,0,8456.9781,0.8446,0,3.504,241,0.9521
22734933,701440707,1.75E+12,LP,24/06/2025,23:45:00,0.9132,4558.063,0,8456.9781,0.9495,0,3.959,239.9,0.9441
22734933,701440707,1.75E+12,LP,24/06/2025,23:30:00,1.2083,4557.835,0,8456.9781,1.2409,0,5.187,239.2001,1
22734933,701440707,1.75E+12,LP,24/06/2025,23:15:00,1.6642,4557.533,0,8456.9781,1.6906,0,7.186,235.6001,0.978
22734933,701440707,1.75E+12,LP,24/06/2025,23:00:00,2.6613,4557.118,0,8456.9781,2.6789,0,11.517,232.7001,0.989
22734933,701440707,1.75E+12,LP,24/06/2025,22:45:00,3.2065,4556.453,0,8456.9781,3.2185,0,13.926,231.1001,0.996
22734933,701440707,1.75E+12,LP,24/06/2025,22:30:00,3.2275,4555.652,0,8456.9781,3.2393,0,13.935,232.4,0.995
22734933,701440707,1.75E+12,LP,24/06/2025,22:15:00,3.2473,4554.845,0,8456.9781,3.259,0,13.964,233.3,0.996
22734933,701440707,1.75E+12,LP,24/06/2025,22:00:00,4.4812,4554.034,0,8456.9781,4.5115,0,19.279,234,1
22734933,701440707,1.75E+12,LP,24/06/2025,21:45:00,3.3085,4552.9131,0,8456.9781,3.3227,0,14.028,236.8,0.993
22734933,701440707,1.75E+12,LP,24/06/2025,21:30:00,3.286,4552.086,0,8456.9781,3.2997,0,14.015,235.4,0.991
22734933,701440707,1.75E+12,LP,24/06/2025,21:15:00,3.2113,4551.265,0,8456.9781,3.2227,0,13.872,232.3,0.995
22734933,701440707,1.75E+12,LP,24/06/2025,21:00:00,3.2698,4550.462,0,8456.9781,3.2845,0,13.984,234.8,0.995
22734933,701440707,1.75E+12,LP,24/06/2025,20:45:00,3.3927,4549.645,0,8456.9781,3.4073,0,14.4021,236.5,0.996
22734933,701440707,1.75E+12,LP,24/06/2025,20:30:00,3.4737,4548.7971,0,8456.9781,3.4945,0,14.797,236.1001,1
22734933,701440707,1.75E+12,LP,24/06/2025,20:15:00,3.4729,4547.929,0,8456.9781,3.4922,0,14.772,236.4,0.994
22734933,701440707,1.75E+12,LP,24/06/2025,20:00:00,3.4493,4547.061,0,8456.9781,3.4693,0,14.733,235.4,0.994
22734933,701440707,1.75E+12,LP,24/06/2025,19:45:00,3.5313,4546.198,0,8456.9781,3.5503,0,15.036,236.1001,0.983
22734933,701440707,1.75E+12,LP,24/06/2025,19:30:00,3.411,4545.3151,0,8456.9781,3.4304,0,14.616,234.6001,1
22734933,701440707,1.75E+12,LP,24/06/2025,19:15:00,2.7614,4544.463,0,8456.9781,2.7768,0,11.98,232.6001,0.98
22734933,701440707,1.75E+12,LP,24/06/2025,19:00:00,0.0185,4543.771,0,8456.9781,0.0626,0,0.263,237.4,0.546
22734933,701440707,1.75E+12,LP,24/06/2025,18:45:00,0.0344,4543.7661,0,8456.9781,0.2542,0,1.09,233.1001,0.134
22734933,701440707,1.75E+12,LP,24/06/2025,18:30:00,0.0122,4543.758,0.0089,8456.9781,0.1366,0.1139,1.069,234.2001,0.096
22734933,701440707,1.75E+12,LP,24/06/2025,18:15:00,0,4543.755,0.08,8456.975,0,0.2609,1.098,237.5,-0.155
22734933,701440707,1.75E+12,LP,24/06/2025,18:00:00,0,4543.755,0.1768,8456.956,0,0.2972,1.249,238,-0.432
22734933,701440707,1.75E+12,LP,24/06/2025,17:45:00,0,4543.755,0.2545,8456.911,0,0.3403,1.43,237.9,-0.681
22734933,701440707,1.75E+12,LP,24/06/2025,17:30:00,0,4543.755,0.336,8456.848,0,0.3991,1.683,237.1001,-0.796
22734933,701440707,1.75E+12,LP,24/06/2025,17:15:00,0,4543.755,0.6034,8456.7641,0,0.6353,2.668,238,-0.93
22734933,701440707,1.75E+12,LP,24/06/2025,17:00:00,0,4543.755,0.705,8456.613,0,0.7274,3.122,233,-0.968
22734933,701440707,1.75E+12,LP,24/06/2025,16:45:00,0,4543.755,0.7126,8456.437,0,0.7332,3.1311,234,-0.976
22734933,701440707,1.75E+12,LP,24/06/2025,16:30:00,0,4543.755,1.2035,8456.259,0,1.2125,5.09,237.7001,-0.969
22734933,701440707,1.75E+12,LP,24/06/2025,16:15:00,0,4543.755,1.4497,8455.958,0,1.4587,6.058,240.3,-1
22734933,701440707,1.75E+12,LP,24/06/2025,16:00:00,0,4543.755,1.8419,8455.596,0,1.8477,7.654,241.3,-0.987
22734933,701440707,1.75E+12,LP,24/06/2025,15:45:00,0,4543.755,2.1225,8455.135,0,2.1271,8.829,240.9,-0.997
22734933,701440707,1.75E+12,LP,24/06/2025,15:30:00,0,4543.755,2.1434,8454.605,0,2.1535,8.889,242.3,-0.998
22734933,701440707,1.75E+12,LP,24/06/2025,15:15:00,0,4543.755,2.7198,8454.069,0,2.7248,11.174,243.8,-0.997
22734933,701440707,1.75E+12,LP,24/06/2025,15:00:00,0,4543.755,2.863,8453.3891,0,2.8673,11.705,244.9,-0.999
22734933,701440707,1.75E+12,LP,24/06/2025,14:45:00,0,4543.755,3.1642,8452.673,0,3.1669,13.037,242.9,-0.998
22734933,701440707,1.75E+12,LP,24/06/2025,14:30:00,0,4543.755,2.8347,8451.883,0,2.8474,11.609,245.2001,-0.996
22734933,701440707,1.75E+12,LP,24/06/2025,14:15:00,0,4543.755,2.8162,8451.173,0,2.8315,11.436,247.5,-0.994
22734933,701440707,1.75E+12,LP,24/06/2025,14:00:00,0,4543.755,2.6017,8450.47,0,2.6084,10.574,246.1001,-0.983
22734933,701440707,1.75E+12,LP,24/06/2025,13:45:00,0.0015,4543.755,2.4859,8449.821,0.0043,2.4958,10.035,247.7001,-0.994
22734933,701440707,1.75E+12,LP,24/06/2025,13:30:00,0.0015,4543.755,1.9914,8449.199,0.005,2.0147,8.031,249.8,-1
22734933,701440707,1.75E+12,LP,24/06/2025,13:15:00,0.1264,4543.755,1.4185,8448.7,0.1431,1.4529,6.36,249.1001,-0.447
22734933,701440707,1.75E+12,LP,24/06/2025,13:00:00,0.1471,4543.725,1.621,8448.345,0.1595,1.648,7.208,249.1001,0.967
22734933,701440707,1.75E+12,LP,24/06/2025,12:45:00,0.1242,4543.689,2.0974,8447.9421,0.1401,2.1235,8.967,250.4,-0.995
22734933,701440707,1.75E+12,LP,24/06/2025,12:30:00,0.078,4543.659,2.2429,8447.418,0.0839,2.2787,9.413,249.3,-0.989
22734933,701440707,1.75E+12,LP,24/06/2025,12:15:00,0.0019,4543.639,1.968,8446.858,0.0055,1.9929,8.093,245,-0.995
22734933,701440707,1.75E+12,LP,24/06/2025,12:00:00,0.0015,4543.639,2.8113,8446.37,0.0047,2.8275,11.311,248,-0.994
22734933,701440707,1.75E+12,LP,24/06/2025,11:45:00,0.0018,4543.639,2.5729,8445.667,0.0047,2.5832,10.358,248.4,-1
22734933,701440707,1.75E+12,LP,24/06/2025,11:30:00,0.0015,4543.639,2.8073,8445.022,0.0046,2.8206,11.283,248.4,-0.911
22734933,701440707,1.75E+12,LP,24/06/2025,11:15:00,0.0015,4543.639,2.7056,8444.322,0.0044,2.72,10.9181,247.9,-0.989
22734933,701440707,1.75E+12,LP,24/06/2025,11:00:00,0.0029,4543.639,2.466,8443.647,0.0066,2.4779,9.885,249.5,-0.999
22734933,701440707,1.75E+12,LP,24/06/2025,10:45:00,0.0018,4543.639,2.5987,8443.0321,0.0054,2.6088,10.422,249.3,-0.999
22734933,701440707,1.75E+12,LP,24/06/2025,10:30:00,0.0054,4543.639,1.7455,8442.383,0.012,1.7567,7.0041,249.7001,-0.997
22734933,701440707,1.75E+12,LP,24/06/2025,10:15:00,0.0025,4543.638,2.3048,8441.946,0.0067,2.3166,9.264,249.3,-0.998
22734933,701440707,1.75E+12,LP,24/06/2025,10:00:00,0,4543.638,2.8033,8441.37,0,2.8078,11.387,246.3,-0.997
22734933,701440707,1.75E+12,LP,24/06/2025,09:45:00,0,4543.638,2.4458,8440.669,0,2.4502,10.044,243.9,-0.998
22734933,701440707,1.75E+12,LP,24/06/2025,09:30:00,0,4543.638,2.4917,8440.057,0,2.496,10.223,244,-0.998
22734933,701440707,1.75E+12,LP,24/06/2025,09:15:00,0,4543.638,3.0135,8439.434,0,3.017,12.2001,246.9,-0.998
22734933,701440707,1.75E+12,LP,24/06/2025,09:00:00,0.0015,4543.638,1.8647,8438.681,0.0047,1.8804,7.569,248.3,-1
22734933,701440707,1.75E+12,LP,24/06/2025,08:45:00,0.0015,4543.638,3.0378,8438.216,0.0046,3.0478,12.414,245.7001,-0.718
22734933,701440707,1.75E+12,LP,24/06/2025,08:30:00,0,4543.638,2.0868,8437.456,0,2.1,8.677,241.7001,-0.998
22734933,701440707,1.75E+12,LP,24/06/2025,08:15:00,0,4543.638,0.5157,8436.934,0,0.6104,2.551,239.2001,-0.817
22734933,701440707,1.75E+12,LP,24/06/2025,08:00:00,0,4543.638,0.4615,8436.805,0,0.5602,2.35,238.4,-0.855
22734933,701440707,1.75E+12,LP,24/06/2025,07:45:00,0.0019,4543.638,0.1952,8436.69,0.0171,0.3501,1.544,237.9,-0.711
22734933,701440707,1.75E+12,LP,24/06/2025,07:30:00,0.334,4543.637,0,8436.641,0.4453,0,1.853,240.5,0.178
22734933,701440707,1.75E+12,LP,24/06/2025,07:15:00,0.665,4543.554,0,8436.641,0.708,0,2.971,238.3,0.896
22734933,701440707,1.75E+12,LP,24/06/2025,07:00:00,0.771,4543.388,0,8436.641,0.802,0,3.396,236.1001,0.9481
22734933,701440707,1.75E+12,LP,24/06/2025,06:45:00,0.0488,4543.195,0.0791,8436.641,0.0668,0.15,0.907,238.4,0.981
22734933,701440707,1.75E+12,LP,24/06/2025,06:30:00,0.9842,4543.109,0,8436.638,1.0162,0,4.255,238.8,0.966
22734933,701440707,1.75E+12,LP,24/06/2025,06:15:00,1.03,4542.862,0,8436.638,1.0793,0,4.538,237.8,0.977
22734933,701440707,1.75E+12,LP,24/06/2025,06:00:00,1.0328,4542.6051,0,8436.638,1.0958,0,4.61,237.7001,0.9401
22734933,701440707,1.75E+12,LP,24/06/2025,05:45:00,1.0394,4542.347,0,8436.638,1.1038,0,4.634,238.1001,0.9381
22734933,701440707,1.75E+12,LP,24/06/2025,05:30:00,1.0283,4542.087,0,8436.638,1.0805,0,4.633,233.2001,0.9471
22734933,701440707,1.75E+12,LP,24/06/2025,05:15:00,1.0328,4541.83,0,8436.638,1.0899,0,4.6291,235.4,0.9471
22734933,701440707,1.75E+12,LP,24/06/2025,05:00:00,1.0368,4541.572,0,8436.638,1.0933,0,4.638,235.7001,0.9461
22734933,701440707,1.75E+12,LP,24/06/2025,04:45:00,1.0355,4541.313,0,8436.638,1.0923,0,4.651,234.8,0.9481
22734933,701440707,1.75E+12,LP,24/06/2025,04:30:00,1.0434,4541.054,0,8436.638,1.1015,0,4.665,236.1001,0.9451
22734933,701440707,1.75E+12,LP,24/06/2025,04:15:00,1.0493,4540.793,0,8436.638,1.1095,0,4.674,237.3,0.9431
22734933,701440707,1.75E+12,LP,24/06/2025,04:00:00,1.0467,4540.531,0,8436.638,1.1067,0,4.662,237.3,0.936
22734933,701440707,1.75E+12,LP,24/06/2025,03:45:00,1.0492,4540.269,0,8436.638,1.1097,0,4.682,236.9,0.9441
22734933,701440707,1.75E+12,LP,24/06/2025,03:30:00,1.0522,4540.0071,0,8436.638,1.113,0,4.6851,237.5,0.9491
22734933,701440707,1.75E+12,LP,24/06/2025,03:15:00,1.0599,4539.744,0,8436.638,1.1192,0,4.713,237.4,0.9431
22734933,701440707,1.75E+12,LP,24/06/2025,03:00:00,1.069,4539.479,0,8436.638,1.1252,0,4.744,237.1001,0.9501
22734933,701440707,1.75E+12,LP,24/06/2025,02:45:00,1.0752,4539.212,0,8436.638,1.129,0,4.788,235.8,0.9511
22734933,701440707,1.75E+12,LP,24/06/2025,02:30:00,0.5454,4538.943,0,8436.638,0.5855,0,2.487,236.5,0.9531
22734933,701440707,1.75E+12,LP,24/06/2025,02:15:00,0.0162,4538.8061,0,8436.638,0.0288,0,0.121,236.5,0.5681
22734933,701440707,1.75E+12,LP,24/06/2025,02:00:00,0.0164,4538.802,0,8436.638,0.029,0,0.121,238.7001,0.5651
22734933,701440707,1.75E+12,LP,24/06/2025,01:45:00,0.0162,4538.798,0,8436.638,0.0289,0,0.121,237.8,0.56
22734933,701440707,1.75E+12,LP,24/06/2025,01:30:00,0.0164,4538.794,0,8436.638,0.0289,0,0.121,238.1001,0.56
22734933,701440707,1.75E+12,LP,24/06/2025,01:15:00,0.0162,4538.79,0,8436.638,0.0289,0,0.121,237.6001,0.5641
22734933,701440707,1.75E+12,LP,24/06/2025,01:00:00,0.0162,4538.786,0,8436.638,0.029,0,0.122,237.2001,0.56
22734933,701440707,1.75E+12,LP,24/06/2025,00:45:00,0.0162,4538.781,0,8436.638,0.029,0,0.122,236.6001,0.56
22734933,701440707,1.75E+12,LP,24/06/2025,00:30:00,0.0162,4538.777,0,8436.638,0.029,0,0.123,235.8,0.5631
22734933,701440707,1.75E+12,LP,24/06/2025,00:15:00,0.0162,4538.773,0,8436.638,0.0291,0,0.124,234.9,0.551
22734933,701440707,1.75E+12,LP,24/06/2025,00:00:00,0.016,4538.769,0,8436.638,0.029,0,0.123,234.6001,0.553
22734933,701440707,1.75E+12,LP,23/06/2025,23:45:00,0.0158,4538.765,0,8436.638,0.0284,0,0.123,230.7001,0.543
22734933,701440707,1.75E+12,LP,23/06/2025,23:30:00,0.0158,4538.761,0,8436.638,0.0286,0,0.124,230.8,0.562
22734933,701440707,1.75E+12,LP,23/06/2025,23:15:00,0.0158,4538.7571,0,8436.638,0.029,0,0.125,231.4,0.557
22734933,701440707,1.75E+12,LP,23/06/2025,23:00:00,0.4095,4538.753,0,8436.638,0.42,0,1.891,227.2001,0.552
22734933,701440707,1.75E+12,LP,23/06/2025,22:45:00,3.1293,4538.652,0,8436.638,3.1405,0,14.019,224,0.996
22734933,701440707,1.75E+12,LP,23/06/2025,22:30:00,3.1998,4537.87,0,8436.638,3.2113,0,14.101,227.7001,0.996
22734933,701440707,1.75E+12,LP,23/06/2025,22:15:00,3.2165,4537.07,0,8436.638,3.229,0,13.997,230.6001,0.996
22734933,701440707,1.75E+12,LP,23/06/2025,22:00:00,3.2904,4536.2661,0,8436.638,3.3038,0,14.049,235.1001,1
22734933,701440707,1.75E+12,LP,23/06/2025,21:45:00,3.2934,4535.444,0,8436.638,3.3045,0,14.02,235.6001,0.995
22734933,701440707,1.75E+12,LP,23/06/2025,21:30:00,3.2824,4534.62,0,8436.638,3.2944,0,14.039,234.6001,1
22734933,701440707,1.75E+12,LP,23/06/2025,21:15:00,3.2682,4533.8,0,8436.638,3.2829,0,14.042,233.7001,0.996
22734933,701440707,1.75E+12,LP,23/06/2025,21:00:00,3.2305,4532.982,0,8436.638,3.2429,0,13.957,232.3,0.996
22734933,701440707,1.75E+12,LP,23/06/2025,20:45:00,3.3187,4532.175,0,8436.638,3.3352,0,14.2001,234.8,0.996
22734933,701440707,1.75E+12,LP,23/06/2025,20:30:00,3.4565,4531.345,0,8436.638,3.476,0,14.8381,234.2001,0.977
22734933,701440707,1.75E+12,LP,23/06/2025,20:15:00,3.4467,4530.482,0,8436.638,3.4662,0,14.823,233.8,0.994
22734933,701440707,1.75E+12,LP,23/06/2025,20:00:00,3.4914,4529.62,0,8436.638,3.5118,0,14.834,236.7001,0.994
22734933,701440707,1.75E+12,LP,23/06/2025,19:45:00,3.4424,4528.747,0,8436.638,3.4618,0,14.787,234,0.994
22734933,701440707,1.75E+12,LP,23/06/2025,19:30:00,3.4255,4527.887,0,8436.638,3.4445,0,14.72,234,1
22734933,701440707,1.75E+12,LP,23/06/2025,19:15:00,3.3075,4527.031,0,8436.638,3.3241,0,14.33,231.9,1
22734933,701440707,1.75E+12,LP,23/06/2025,19:00:00,3.2783,4526.204,0,8436.638,3.2929,0,14.3,230.3,0.996
22734933,701440707,1.75E+12,LP,23/06/2025,18:45:00,3.1142,4525.384,0,8436.638,3.1598,0,13.654,231.6001,0.981
22734933,701440707,1.75E+12,LP,23/06/2025,18:30:00,0.023,4524.606,0,8436.638,0.256,0.0043,1.106,235.4,0.135
22734933,701440707,1.75E+12,LP,23/06/2025,18:15:00,0.0001,4524.601,0.0391,8436.638,0.0034,0.2519,1.084,235.2001,-0.014
22734933,701440707,1.75E+12,LP,23/06/2025,18:00:00,0,4524.601,0.151,8436.628,0,0.2881,1.211,237.8,-0.322
22734933,701440707,1.75E+12,LP,23/06/2025,17:45:00,0,4524.601,0.3508,8436.59,0,0.4153,1.731,239.6001,-0.735
22734933,701440707,1.75E+12,LP,23/06/2025,17:30:00,0,4524.601,0.4928,8436.503,0,0.5339,2.23,239.5,-0.897
22734933,701440707,1.75E+12,LP,23/06/2025,17:15:00,0,4524.601,0.6453,8436.379,0,0.6722,2.833,237.2001,-0.94
22734933,701440707,1.75E+12,LP,23/06/2025,17:00:00,0,4524.601,0.9785,8436.218,0,0.9912,4.1691,237.6001,-0.979
22734933,701440707,1.75E+12,LP,23/06/2025,16:45:00,0,4524.601,1.1326,8435.974,0,1.1426,4.791,238.4,-0.988
22734933,701440707,1.75E+12,LP,23/06/2025,16:30:00,0,4524.601,1.3975,8435.691,0,1.404,5.883,238.6001,-0.995
22734933,701440707,1.75E+12,LP,23/06/2025,16:15:00,0,4524.601,1.538,8435.342,0,1.5457,6.418,240.5,-1
22734933,701440707,1.75E+12,LP,23/06/2025,16:00:00,0,4524.601,1.8456,8434.957,0,1.8513,7.652,241.8,-0.997
22734933,701440707,1.75E+12,LP,23/06/2025,15:45:00,0,4524.601,2.1696,8434.495,0,2.1745,8.888,244.6001,-0.999
22734933,701440707,1.75E+12,LP,23/06/2025,15:30:00,0,4524.601,2.4479,8433.953,0,2.4523,9.906,247.3,-0.998
22734933,701440707,1.75E+12,LP,23/06/2025,15:15:00,0,4524.601,2.7343,8433.341,0,2.7397,11.03,248.3,-0.998
22734933,701440707,1.75E+12,LP,23/06/2025,15:00:00,0,4524.601,2.7207,8432.658,0,2.725,11.0401,246.7001,-0.997
22734933,701440707,1.75E+12,LP,23/06/2025,14:45:00,0,4524.601,3.0074,8431.9781,0,3.0114,12.1521,247.7001,-0.998
22734933,701440707,1.75E+12,LP,23/06/2025,14:30:00,0,4524.601,2.5634,8431.226,0,2.568,10.428,246.2001,-1
22734933,701440707,1.75E+12,LP,23/06/2025,14:15:00,0.5098,4524.601,0.7156,8430.5851,0.5854,0.7183,5.3101,244.6001,-0.998
22734933,701440707,1.75E+12,LP,23/06/2025,14:00:00,0.693,4524.473,0,8430.406,0.8024,0,3.293,243.8,0.884
22734933,701440707,1.75E+12,LP,23/06/2025,13:45:00,0.1794,4524.3,0.1385,8430.406,0.2597,0.2885,2.217,247.4,0.894
22734933,701440707,1.75E+12,LP,23/06/2025,13:30:00,0.0441,4524.256,0.3864,8430.372,0.0584,0.5441,2.432,247.7001,-0.714
22734933,701440707,1.75E+12,LP,23/06/2025,13:15:00,0,4524.247,0.5278,8430.277,0,0.6689,2.699,247.7001,-0.786
22734933,701440707,1.75E+12,LP,23/06/2025,13:00:00,0.0086,4524.247,0.7243,8430.145,0.0137,0.831,3.4131,247.4,-0.826
22734933,701440707,1.75E+12,LP,23/06/2025,12:45:00,0.0054,4524.246,0.8086,8429.966,0.0073,0.9075,3.693,247.6001,-0.891
22734933,701440707,1.75E+12,LP,23/06/2025,12:30:00,1.0128,4524.245,0.4462,8429.765,1.0476,0.5013,6.321,246,-0.716
22734933,701440707,1.75E+12,LP,23/06/2025,12:15:00,0.457,4523.993,0.5782,8429.654,0.5138,0.6216,4.605,245.9,-0.868
22734933,701440707,1.75E+12,LP,23/06/2025,12:00:00,1.0736,4523.8821,0.311,8429.513,1.1367,0.3518,6.172,243.2001,-0.786
22734933,701440707,1.75E+12,LP,23/06/2025,11:45:00,0.0127,4523.618,1.4567,8429.44,0.0208,1.486,6.003,248.9,-1
22734933,701440707,1.75E+12,LP,23/06/2025,11:30:00,0.0019,4523.615,2.7193,8429.0761,0.0055,2.7272,10.879,249.4,-0.237
22734933,701440707,1.75E+12,LP,23/06/2025,11:15:00,0.0015,4523.615,2.2149,8428.397,0.0047,2.2313,8.936,248.6001,-0.996
22734933,701440707,1.75E+12,LP,23/06/2025,11:00:00,0.0071,4523.615,1.666,8427.842,0.0176,1.6817,6.715,249.9,-0.831
22734933,701440707,1.75E+12,LP,23/06/2025,10:45:00,0,4523.6141,1.9057,8427.426,0,1.9186,7.732,247.4,-0.986
22734933,701440707,1.75E+12,LP,23/06/2025,10:30:00,0.0015,4523.6141,2.012,8426.95,0.0047,2.0265,8.1,249.8,-0.396
22734933,701440707,1.75E+12,LP,23/06/2025,10:15:00,0.0035,4523.6141,1.8884,8426.447,0.0103,1.8985,7.594,249.7001,-0.3
22734933,701440707,1.75E+12,LP,23/06/2025,10:00:00,0,4523.6141,2.8023,8425.977,0,2.81,11.292,248.1001,-1
22734933,701440707,1.75E+12,LP,23/06/2025,09:45:00,0,4523.6141,2.2931,8425.275,0,2.298,9.367,243.9,-0.995
22734933,701440707,1.75E+12,LP,23/06/2025,09:30:00,0,4523.6141,3.5243,8424.702,0,3.5273,14.3061,246.4,-1
22734933,701440707,1.75E+12,LP,23/06/2025,09:15:00,0,4523.6141,3.1229,8423.821,0,3.1272,12.6841,246.3,-0.998
22734933,701440707,1.75E+12,LP,23/06/2025,09:00:00,0,4523.6141,2.7847,8423.0411,0,2.7898,11.359,245.4,-0.998
22734933,701440707,1.75E+12,LP,23/06/2025,08:45:00,0,4523.6141,1.8784,8422.345,0,1.8854,7.7171,243.8,-0.998
22734933,701440707,1.75E+12,LP,23/06/2025,08:30:00,0,4523.6141,1.6974,8421.875,0,1.7057,6.969,244.3,-0.997
22734933,701440707,1.75E+12,LP,23/06/2025,08:15:00,0,4523.6141,0.4783,8421.4511,0,0.5372,2.245,238.5,-0.981
22734933,701440707,1.75E+12,LP,23/06/2025,08:00:00,0,4523.6141,0.404,8421.331,0,0.4595,1.9041,241.4,-0.725
22734933,701440707,1.75E+12,LP,23/06/2025,07:45:00,0,4523.6141,0.401,8421.23,0,0.452,1.911,236.1001,-0.927
22734933,701440707,1.75E+12,LP,23/06/2025,07:30:00,0,4523.6141,0.5893,8421.1301,0,0.6197,2.601,238.2001,-0.958
22734933,701440707,1.75E+12,LP,23/06/2025,07:15:00,0,4523.6141,0.3945,8420.983,0,0.4494,1.872,240.2001,-0.92
22734933,701440707,1.75E+12,LP,23/06/2025,07:00:00,0,4523.6141,0.2592,8420.884,0,0.3515,1.448,242.7001,-0.826
22734933,701440707,1.75E+12,LP,23/06/2025,06:45:00,0,4523.6141,0.1555,8420.819,0,0.2957,1.213,243.6001,-0.593
22734933,701440707,1.75E+12,LP,23/06/2025,06:30:00,0,4523.6141,0.061,8420.78,0.0007,0.2687,1.11,242.5,-0.43
22734933,701440707,1.75E+12,LP,23/06/2025,06:15:00,0.0112,4523.6141,0.002,8420.765,0.0422,0.0708,0.464,242.2001,-0.038
22734933,701440707,1.75E+12,LP,23/06/2025,06:00:00,0.0165,4523.612,0,8420.765,0.0295,0,0.121,242,0.559
22734933,701440707,1.75E+12,LP,23/06/2025,05:45:00,0.0164,4523.608,0,8420.765,0.0293,0,0.123,238.2001,0.558
22734933,701440707,1.75E+12,LP,23/06/2025,05:30:00,0.0164,4523.603,0,8420.765,0.0293,0,0.123,238.6001,0.5631
22734933,701440707,1.75E+12,LP,23/06/2025,05:15:00,0.0162,4523.599,0,8420.765,0.029,0,0.122,237.5,0.559
22734933,701440707,1.75E+12,LP,23/06/2025,05:00:00,0.1393,4523.595,0,8420.765,0.1538,0,0.666,232.7001,0.558
22734933,701440707,1.75E+12,LP,23/06/2025,04:45:00,0.1245,4523.561,0,8420.765,0.134,0,0.577,233.4,0.9511
22734933,701440707,1.75E+12,LP,23/06/2025,04:30:00,0.2475,4523.529,0,8420.765,0.2619,0,1.1281,233.8,0.878
22734933,701440707,1.75E+12,LP,23/06/2025,04:15:00,0.242,4523.467,0,8420.765,0.2597,0,1.09,237.3,0.898
22734933,701440707,1.75E+12,LP,23/06/2025,04:00:00,0.2447,4523.406,0,8420.765,0.2644,0,1.102,241.3,0.869
22734933,701440707,1.75E+12,LP,23/06/2025,03:45:00,0.0429,4523.345,0,8420.765,0.0483,0,0.2,240.8,0.882
22734933,701440707,1.75E+12,LP,23/06/2025,03:30:00,0.2604,4523.334,0,8420.765,0.2795,0,1.169,240.5,0.882
22734933,701440707,1.75E+12,LP,23/06/2025,03:15:00,0.2485,4523.27,0,8420.765,0.2656,0,1.106,240.8,0.865
22734933,701440707,1.75E+12,LP,23/06/2025,03:00:00,0.2589,4523.2081,0,8420.765,0.2767,0,1.158,240.4,0.893
22734933,701440707,1.75E+12,LP,23/06/2025,02:45:00,0.2547,4523.143,0,8420.765,0.2716,0,1.135,240.4,0.884
22734933,701440707,1.75E+12,LP,23/06/2025,02:30:00,0.2432,4523.079,0,8420.765,0.2594,0,1.086,240.3,0.897
22734933,701440707,1.75E+12,LP,23/06/2025,02:15:00,0.246,4523.019,0,8420.765,0.2617,0,1.096,240,0.889
22734933,701440707,1.75E+12,LP,23/06/2025,02:00:00,0.2459,4522.957,0,8420.765,0.2634,0,1.099,240.2001,0.878
22734933,701440707,1.75E+12,LP,23/06/2025,01:45:00,0.2654,4522.895,0,8420.765,0.2855,0,1.197,239.9,0.893
22734933,701440707,1.75E+12,LP,23/06/2025,01:30:00,0.2569,4522.828,0,8420.765,0.2747,0,1.1441,241.2001,0.885
22734933,701440707,1.75E+12,LP,23/06/2025,01:15:00,0.2835,4522.764,0,8420.765,0.305,0,1.286,239.1001,0.905
22734933,701440707,1.75E+12,LP,23/06/2025,01:00:00,0.4091,4522.693,0,8420.765,0.4325,0,1.824,237.9,0.872
22734933,701440707,1.75E+12,LP,23/06/2025,00:45:00,0.3648,4522.591,0,8420.765,0.3862,0,1.6281,238,0.9481
22734933,701440707,1.75E+12,LP,23/06/2025,00:30:00,0.631,4522.499,0,8420.765,0.6725,0,2.852,236.6001,0.9
22734933,701440707,1.75E+12,LP,23/06/2025,00:15:00,0.0164,4522.341,0,8420.765,0.029,0,0.121,238.5,0.562
22734933,701440707,1.75E+12,LP,23/06/2025,00:00:00,0.0164,4522.337,0,8420.765,0.029,0,0.121,239.7001,0.5681
22734933,701440707,1.75E+12,LP,22/06/2025,23:45:00,0.0164,4522.332,0,8420.765,0.0293,0,0.123,238.7001,0.5641
22734933,701440707,1.75E+12,LP,22/06/2025,23:30:00,0.0164,4522.328,0,8420.765,0.0303,0,0.127,237.8,0.545
22734933,701440707,1.75E+12,LP,22/06/2025,23:15:00,0.0162,4522.3241,0,8420.765,0.0302,0,0.127,235.7001,0.534
22734933,701440707,1.75E+12,LP,22/06/2025,23:00:00,0.0164,4522.32,0,8420.765,0.0305,0,0.127,238.8,0.536
22734933,701440707,1.75E+12,LP,22/06/2025,22:45:00,0.0164,4522.316,0,8420.765,0.0305,0,0.127,240.5,0.535
22734933,701440707,1.75E+12,LP,22/06/2025,22:30:00,0.0165,4522.312,0,8420.765,0.0308,0,0.127,241,0.54
22734933,701440707,1.75E+12,LP,22/06/2025,22:15:00,0.0164,4522.308,0,8420.765,0.0305,0,0.126,240.5,0.54
22734933,701440707,1.75E+12,LP,22/06/2025,22:00:00,0.0165,4522.304,0,8420.765,0.03,0,0.124,241.8,0.553
22734933,701440707,1.75E+12,LP,22/06/2025,21:45:00,0.0164,4522.3,0,8420.765,0.03,0,0.125,239.4,0.546
22734933,701440707,1.75E+12,LP,22/06/2025,21:30:00,0.099,4522.295,0,8420.765,0.1172,0,0.49,238.8,0.551
22734933,701440707,1.75E+12,LP,22/06/2025,21:15:00,0.196,4522.271,0,8420.765,0.2189,0,0.918,238.2001,0.914
22734933,701440707,1.75E+12,LP,22/06/2025,21:00:00,0.1955,4522.222,0,8420.765,0.2183,0,0.92,237,0.896
22734933,701440707,1.75E+12,LP,22/06/2025,20:45:00,0.1214,4522.173,0,8420.765,0.1494,0,0.627,238.9,0.904
22734933,701440707,1.75E+12,LP,22/06/2025,20:30:00,0.0164,4522.143,0,8420.765,0.0302,0,0.124,243.3,0.546
22734933,701440707,1.75E+12,LP,22/06/2025,20:15:00,0.0169,4522.138,0,8420.765,0.0305,0,0.124,245.2001,0.544
22734933,701440707,1.75E+12,LP,22/06/2025,20:00:00,0.0164,4522.134,0,8420.765,0.0303,0,0.124,242.6001,0.546
22734933,701440707,1.75E+12,LP,22/06/2025,19:45:00,0.0165,4522.13,0,8420.765,0.03,0,0.123,243.4,0.548
22734933,701440707,1.75E+12,LP,22/06/2025,19:30:00,0.0164,4522.126,0,8420.765,0.0303,0,0.124,243,0.546
22734933,701440707,1.75E+12,LP,22/06/2025,19:15:00,0.0164,4522.122,0,8420.765,0.03,0,0.123,242.8,0.544
22734933,701440707,1.75E+12,LP,22/06/2025,19:00:00,0.0177,4522.118,0,8420.765,0.0478,0,0.198,241.5,0.549
22734933,701440707,1.75E+12,LP,22/06/2025,18:45:00,0.0344,4522.113,0,8420.765,0.2512,0,1.08,232.4,0.212
22734933,701440707,1.75E+12,LP,22/06/2025,18:30:00,0.0086,4522.1051,0.0134,8420.765,0.1237,0.1232,1.06,232.8,0.1411
22734933,701440707,1.75E+12,LP,22/06/2025,18:15:00,0,4522.103,0.1277,8420.762,0,0.2675,1.1441,233.7001,-0.22
22734933,701440707,1.75E+12,LP,22/06/2025,18:00:00,0,4522.103,0.2518,8420.73,0,0.335,1.421,235.7001,-0.68
22734933,701440707,1.75E+12,LP,22/06/2025,17:45:00,0,4522.103,0.3845,8420.667,0,0.4368,1.855,235.3,-0.789
22734933,701440707,1.75E+12,LP,22/06/2025,17:30:00,0,4522.103,0.58,8420.571,0,0.6099,2.571,237.2001,-0.907
22734933,701440707,1.75E+12,LP,22/06/2025,17:15:00,0,4522.103,0.6358,8420.426,0,0.6625,2.786,237.6001,-0.954
22734933,701440707,1.75E+12,LP,22/06/2025,17:00:00,0,4522.103,0.8723,8420.267,0,0.8885,3.71,239.3,-0.973
22734933,701440707,1.75E+12,LP,22/06/2025,16:45:00,0,4522.103,1.0899,8420.049,0,1.1008,4.539,242.4,-0.973
22734933,701440707,1.75E+12,LP,22/06/2025,16:30:00,0,4522.103,1.3575,8419.776,0,1.3654,5.601,243.7001,-0.992
22734933,701440707,1.75E+12,LP,22/06/2025,16:15:00,0,4522.103,1.8027,8419.437,0,1.8082,7.363,245.3,-1
22734933,701440707,1.75E+12,LP,22/06/2025,16:00:00,0,4522.103,1.0599,8418.9871,0,1.0758,4.493,237.6001,-0.998
22734933,701440707,1.75E+12,LP,22/06/2025,15:45:00,0,4522.103,2.0042,8418.722,0,2.0095,8.242,243.4,-0.984
22734933,701440707,1.75E+12,LP,22/06/2025,15:30:00,0,4522.103,1.9034,8418.221,0,1.9083,7.811,243.9,-0.993
22734933,701440707,1.75E+12,LP,22/06/2025,15:15:00,0.0024,4522.103,2.0618,8417.7461,0.0061,2.0743,8.302,248.8,-1
22734933,701440707,1.75E+12,LP,22/06/2025,15:00:00,0,4522.103,1.7687,8417.232,0,1.7769,7.194,245.3,-0.992
22734933,701440707,1.75E+12,LP,22/06/2025,14:45:00,0.0195,4522.103,2.1791,8416.789,0.0289,2.1995,8.865,249.7001,-0.933
22734933,701440707,1.75E+12,LP,22/06/2025,14:30:00,0,4522.098,3.335,8416.2461,0,3.342,13.39,249.1001,-0.995
22734933,701440707,1.75E+12,LP,22/06/2025,14:15:00,0,4522.098,2.673,8415.414,0,2.6833,10.856,246.1001,-0.998
22734933,701440707,1.75E+12,LP,22/06/2025,14:00:00,0,4522.098,3.3292,8414.745,0,3.3338,13.3891,248.4,-1
22734933,701440707,1.75E+12,LP,22/06/2025,13:45:00,0,4522.098,2.2401,8413.914,0,2.2455,9.177,243.6001,-1
22734933,701440707,1.75E+12,LP,22/06/2025,13:30:00,0,4522.098,2.8757,8413.354,0,2.8805,11.638,246.8,-0.999
22734933,701440707,1.75E+12,LP,22/06/2025,13:15:00,0.0077,4522.098,1.4065,8412.635,0.0164,1.4132,5.642,249,-0.956
22734933,701440707,1.75E+12,LP,22/06/2025,13:00:00,0,4522.097,2.515,8412.285,0,2.5259,10.186,245.9,-1
22734933,701440707,1.75E+12,LP,22/06/2025,12:45:00,0.0524,4522.097,2.2583,8411.656,0.0663,2.2829,9.406,247.6001,-0.966
22734933,701440707,1.75E+12,LP,22/06/2025,12:30:00,0,4522.084,3.0179,8411.09,0,3.0297,12.192,248,-0.991
22734933,701440707,1.75E+12,LP,22/06/2025,12:15:00,0,4522.084,2.3588,8410.336,0,2.3768,9.585,246.9,-0.992
22734933,701440707,1.75E+12,LP,22/06/2025,12:00:00,0.0475,4522.084,1.813,8409.748,0.0618,1.8427,7.61,249.1001,-0.99
22734933,701440707,1.75E+12,LP,22/06/2025,11:45:00,0.1199,4522.073,1.264,8409.294,0.1486,1.2908,5.688,250.4,-0.961
22734933,701440707,1.75E+12,LP,22/06/2025,11:30:00,0.0386,4522.043,2.4653,8408.979,0.0526,2.4904,10.171,249.1001,-0.93
22734933,701440707,1.75E+12,LP,22/06/2025,11:15:00,0.0675,4522.034,1.319,8408.364,0.1065,1.3614,5.9191,246.2001,-0.993
22734933,701440707,1.75E+12,LP,22/06/2025,11:00:00,0,4522.017,3.0194,8408.034,0,3.0235,12.124,248.6001,-0.996
22734933,701440707,1.75E+12,LP,22/06/2025,10:45:00,0,4522.017,2.2044,8407.28,0,2.2109,9.02,244.7001,-0.995
22734933,701440707,1.75E+12,LP,22/06/2025,10:30:00,0,4522.017,2.2214,8406.729,0,2.2299,8.984,245.4,-0.992
22734933,701440707,1.75E+12,LP,22/06/2025,10:15:00,0,4522.017,1.4135,8406.173,0,1.4254,5.823,242.5,-0.99
22734933,701440707,1.75E+12,LP,22/06/2025,10:00:00,0,4522.017,2.8624,8405.82,0,2.8664,11.594,246.7001,-0.997
22734933,701440707,1.75E+12,LP,22/06/2025,09:45:00,0,4522.017,2.5615,8405.1031,0,2.5665,10.534,243.5,-1
22734933,701440707,1.75E+12,LP,22/06/2025,09:30:00,0,4522.017,3.1574,8404.463,0,3.1615,12.738,248.1001,-1
22734933,701440707,1.75E+12,LP,22/06/2025,09:15:00,0,4522.017,3.2258,8403.674,0,3.2302,12.941,249.5,-0.998
22734933,701440707,1.75E+12,LP,22/06/2025,09:00:00,0,4522.017,2.9593,8402.868,0,2.9634,11.913,248.7001,-0.992
22734933,701440707,1.75E+12,LP,22/06/2025,08:45:00,0.0015,4522.017,2.0064,8402.128,0.0053,2.0188,8.123,248.6001,-0.997
22734933,701440707,1.75E+12,LP,22/06/2025,08:30:00,0,4522.017,2.3291,8401.627,0,2.3355,9.333,250,-0.998
22734933,701440707,1.75E+12,LP,22/06/2025,08:15:00,0,4522.017,2.2698,8401.045,0,2.2747,9.285,244.9,-0.995
22734933,701440707,1.75E+12,LP,22/06/2025,08:00:00,0,4522.017,1.8274,8400.477,0,1.8345,7.482,245,-1
22734933,701440707,1.75E+12,LP,22/06/2025,07:45:00,0,4522.017,1.1385,8400.02,0,1.1515,4.713,244.1001,-0.981
22734933,701440707,1.75E+12,LP,22/06/2025,07:30:00,0,4522.017,0.895,8399.736,0,0.9128,3.755,243,-0.998
22734933,701440707,1.75E+12,LP,22/06/2025,07:15:00,0,4522.017,0.5551,8399.512,0,0.5919,2.441,242.5,-0.954
22734933,701440707,1.75E+12,LP,22/06/2025,07:00:00,0,4522.017,0.3995,8399.373,0,0.4542,1.8841,240.9,-0.885
22734933,701440707,1.75E+12,LP,22/06/2025,06:45:00,0,4522.017,0.2731,8399.2731,0,0.3565,1.491,239,-0.815
22734933,701440707,1.75E+12,LP,22/06/2025,06:30:00,0,4522.017,0.1232,8399.205,0,0.2755,1.155,238.4,-0.604
22734933,701440707,1.75E+12,LP,22/06/2025,06:15:00,0.0142,4522.017,0.0154,8399.174,0.0555,0.1259,0.765,236.8,-0.234
22734933,701440707,1.75E+12,LP,22/06/2025,06:00:00,0.2295,4522.014,0,8399.171,0.2447,0,1.039,236.2001,0.868
22734933,701440707,1.75E+12,LP,22/06/2025,05:45:00,0.0429,4521.956,0,8399.171,0.049,0,0.2071,236.5,0.866
22734933,701440707,1.75E+12,LP,22/06/2025,05:30:00,0.228,4521.945,0,8399.171,0.248,0,1.046,237.7001,0.888
22734933,701440707,1.75E+12,LP,22/06/2025,05:15:00,0.1498,4521.888,0,8399.171,0.1605,0,0.676,238.1001,0.879
22734933,701440707,1.75E+12,LP,22/06/2025,05:00:00,0.1082,4521.851,0,8399.171,0.1177,0,0.494,237.8,0.9401
22734933,701440707,1.75E+12,LP,22/06/2025,04:45:00,0.2267,4521.823,0,8399.171,0.2435,0,1.018,239.2001,0.876
22734933,701440707,1.75E+12,LP,22/06/2025,04:30:00,0.043,4521.7661,0,8399.171,0.0487,0,0.203,239.7001,0.873
22734933,701440707,1.75E+12,LP,22/06/2025,04:15:00,0.2363,4521.756,0,8399.171,0.2527,0,1.059,239.5,0.894
22734933,701440707,1.75E+12,LP,22/06/2025,04:00:00,0.2247,4521.697,0,8399.171,0.2403,0,1.012,238.7001,0.889
22734933,701440707,1.75E+12,LP,22/06/2025,03:45:00,0.043,4521.64,0,8399.171,0.0485,0,0.203,239.1001,0.89
22734933,701440707,1.75E+12,LP,22/06/2025,03:30:00,0.2399,4521.63,0,8399.171,0.2552,0,1.078,238.4,0.895
22734933,701440707,1.75E+12,LP,22/06/2025,03:15:00,0.2458,4521.57,0,8399.171,0.2624,0,1.106,238.2001,0.887
22734933,701440707,1.75E+12,LP,22/06/2025,03:00:00,0.043,4521.508,0,8399.171,0.0485,0,0.202,240.2001,0.882
22734933,701440707,1.75E+12,LP,22/06/2025,02:45:00,0.2445,4521.497,0,8399.171,0.2619,0,1.1,239.2001,0.896
22734933,701440707,1.75E+12,LP,22/06/2025,02:30:00,0.2459,4521.437,0,8399.171,0.27,0,1.137,238.6001,0.904
22734933,701440707,1.75E+12,LP,22/06/2025,02:15:00,0.2386,4521.375,0,8399.171,0.2549,0,1.067,240.8,0.905
22734933,701440707,1.75E+12,LP,22/06/2025,02:00:00,0.2109,4521.3151,0,8399.171,0.2245,0,0.9431,239.3,0.893
22734933,701440707,1.75E+12,LP,22/06/2025,01:45:00,0.1365,4521.264,0,8399.171,0.1458,0,0.61,239.7001,0.9411
22734933,701440707,1.75E+12,LP,22/06/2025,01:30:00,0.1844,4521.2301,0,8399.171,0.198,0,0.8321,240,0.9461
22734933,701440707,1.75E+12,LP,22/06/2025,01:15:00,0.248,4521.183,0,8399.171,0.2642,0,1.11,238.7001,0.898
22734933,701440707,1.75E+12,LP,22/06/2025,01:00:00,0.2529,4521.121,0,8399.171,0.2686,0,1.1381,237.8,0.869
22734933,701440707,1.75E+12,LP,22/06/2025,00:45:00,0.2448,4521.058,0,8399.171,0.261,0,1.1,238.5,0.876
22734933,701440707,1.75E+12,LP,22/06/2025,00:30:00,0.2484,4520.996,0,8399.171,0.2644,0,1.118,238.3,0.89
22734933,701440707,1.75E+12,LP,22/06/2025,00:15:00,0.2599,4520.933,0,8399.171,0.2767,0,1.161,239.8,0.89
22734933,701440707,1.75E+12,LP,22/06/2025,00:00:00,0.2659,4520.868,0,8399.171,0.284,0,1.198,239.8,0.865
22734933,701440707,1.75E+12,LP,21/06/2025,23:45:00,0.3817,4520.802,0,8399.171,0.4065,0,1.705,240.1001,0.885
22734933,701440707,1.75E+12,LP,21/06/2025,23:30:00,0.4343,4520.707,0,8399.171,0.4624,0,1.937,239.7001,0.9481
22734933,701440707,1.75E+12,LP,21/06/2025,23:15:00,0.5902,4520.598,0,8399.171,0.6414,0,2.69,238.5,0.877
22734933,701440707,1.75E+12,LP,21/06/2025,23:00:00,0.0164,4520.451,0,8399.171,0.0303,0,0.127,238,0.537
22734933,701440707,1.75E+12,LP,21/06/2025,22:45:00,0.0164,4520.447,0,8399.171,0.03,0,0.125,239.8,0.54
22734933,701440707,1.75E+12,LP,21/06/2025,22:30:00,0.0175,4520.442,0,8399.171,0.031,0,0.129,240.6001,0.549
22734933,701440707,1.75E+12,LP,21/06/2025,22:15:00,0.0166,4520.438,0,8399.171,0.0302,0,0.124,241.5,0.549
22734933,701440707,1.75E+12,LP,21/06/2025,22:00:00,0.0165,4520.434,0,8399.171,0.0302,0,0.125,241.1001,0.553
22734933,701440707,1.75E+12,LP,21/06/2025,21:45:00,0.0164,4520.43,0,8399.171,0.03,0,0.125,239.7001,0.553
22734933,701440707,1.75E+12,LP,21/06/2025,21:30:00,0.0166,4520.426,0,8399.171,0.0305,0,0.125,242.8,0.549
22734933,701440707,1.75E+12,LP,21/06/2025,21:15:00,0.0166,4520.421,0,8399.171,0.0303,0,0.125,241.9,0.551
22734933,701440707,1.75E+12,LP,21/06/2025,21:00:00,0.0166,4520.417,0,8399.171,0.0302,0,0.124,241.8,0.546
22734933,701440707,1.75E+12,LP,21/06/2025,20:45:00,0.0166,4520.4131,0,8399.171,0.0302,0,0.124,243.3,0.558
22734933,701440707,1.75E+12,LP,21/06/2025,20:30:00,0.0165,4520.409,0,8399.171,0.03,0,0.124,239.9,0.549
22734933,701440707,1.75E+12,LP,21/06/2025,20:15:00,0.0166,4520.405,0,8399.171,0.0303,0,0.125,242.3,0.552
22734933,701440707,1.75E+12,LP,21/06/2025,20:00:00,0.0166,4520.401,0,8399.171,0.0303,0,0.124,242.5,0.547
22734933,701440707,1.75E+12,LP,21/06/2025,19:45:00,0.0164,4520.396,0,8399.171,0.03,0,0.125,240.1001,0.557
22734933,701440707,1.75E+12,LP,21/06/2025,19:30:00,0.0165,4520.392,0,8399.171,0.0302,0,0.125,240.9,0.539
22734933,701440707,1.75E+12,LP,21/06/2025,19:15:00,0.0165,4520.388,0,8399.171,0.0302,0,0.125,240.5,0.547
22734933,701440707,1.75E+12,LP,21/06/2025,19:00:00,0.0575,4520.384,0,8399.171,0.0869,0,0.364,240.1001,0.546
22734933,701440707,1.75E+12,LP,21/06/2025,18:45:00,0.1123,4520.37,0,8399.171,0.3325,0,1.399,238,0.974
22734933,701440707,1.75E+12,LP,21/06/2025,18:30:00,0.003,4520.341,0.0061,8399.171,0.1421,0.1259,1.107,242.2001,0.061
22734933,701440707,1.75E+12,LP,21/06/2025,18:15:00,0,4520.341,0.048,8399.169,0.0004,0.2662,1.102,241.8,-0.103
22734933,701440707,1.75E+12,LP,21/06/2025,18:00:00,0,4520.341,0.1102,8399.1571,0,0.2682,1.131,237.1001,-0.325
22734933,701440707,1.75E+12,LP,21/06/2025,17:45:00,0,4520.341,0.2368,8399.1301,0,0.3315,1.387,238.9,-0.552
22734933,701440707,1.75E+12,LP,21/06/2025,17:30:00,0,4520.341,0.3915,8399.071,0,0.4475,1.874,238.6001,-0.712
22734933,701440707,1.75E+12,LP,21/06/2025,17:15:00,0,4520.341,0.5875,8398.973,0,0.6217,2.551,243.7001,-0.951
22734933,701440707,1.75E+12,LP,21/06/2025,17:00:00,0,4520.341,0.9269,8398.8261,0,0.9436,3.871,243.6001,-0.956
22734933,701440707,1.75E+12,LP,21/06/2025,16:45:00,0,4520.341,0.7818,8398.5941,0,0.8052,3.334,241,-0.989
22734933,701440707,1.75E+12,LP,21/06/2025,16:30:00,0,4520.341,1.2335,8398.399,0,1.2425,5.134,241.9,-0.98
22734933,701440707,1.75E+12,LP,21/06/2025,16:15:00,0,4520.341,1.2933,8398.091,0,1.3042,5.363,242.7001,-0.998
22734933,701440707,1.75E+12,LP,21/06/2025,16:00:00,0,4520.341,1.6902,8397.767,0,1.6963,6.99,242.3,-0.996
22734933,701440707,1.75E+12,LP,21/06/2025,15:45:00,0,4520.341,1.9446,8397.345,0,1.9504,8.012,243.1001,-0.998
22734933,701440707,1.75E+12,LP,21/06/2025,15:30:00,0,4520.341,1.8658,8396.859,0,1.8735,7.779,239.9,-0.989
22734933,701440707,1.75E+12,LP,21/06/2025,15:15:00,0,4520.341,2.0883,8396.393,0,2.093,8.679,239.8,-0.995
22734933,701440707,1.75E+12,LP,21/06/2025,15:00:00,0,4520.341,2.3652,8395.87,0,2.3649,9.737,242.1001,-0.993
22734933,701440707,1.75E+12,LP,21/06/2025,14:45:00,0,4520.341,3.118,8395.2821,0,3.1211,12.751,244.5,-0.995
22734933,701440707,1.75E+12,LP,21/06/2025,14:30:00,0,4520.341,3.4222,8394.502,0,3.4264,13.9471,245.6001,-0.998
22734933,701440707,1.75E+12,LP,21/06/2025,14:15:00,0,4520.341,3.5837,8393.646,0,3.5882,14.505,247.3,-1
22734933,701440707,1.75E+12,LP,21/06/2025,14:00:00,0.002,4520.341,2.4987,8392.75,0.0057,2.5093,10.0591,248.5,-0.999
22734933,701440707,1.75E+12,LP,21/06/2025,13:45:00,0.0018,4520.341,2.6993,8392.127,0.0054,2.7134,10.846,248.3,-0.995
22734933,701440707,1.75E+12,LP,21/06/2025,13:30:00,0,4520.341,2.5218,8391.452,0,2.5302,10.2901,243.8,-1
22734933,701440707,1.75E+12,LP,21/06/2025,13:15:00,0,4520.341,1.7873,8390.823,0,1.7933,7.421,241.5,-0.981
22734933,701440707,1.75E+12,LP,21/06/2025,13:00:00,0,4520.341,2.4131,8390.377,0,2.4185,9.837,245.6001,-0.997
22734933,701440707,1.75E+12,LP,21/06/2025,12:45:00,0,4520.341,3.0402,8389.774,0,3.0457,12.2641,248,-0.998
22734933,701440707,1.75E+12,LP,21/06/2025,12:30:00,0.003,4520.341,1.6205,8389.0141,0.0099,1.6474,6.606,249.1001,-1
22734933,701440707,1.75E+12,LP,21/06/2025,12:15:00,0.0032,4520.341,1.4343,8388.61,0.0107,1.4572,5.831,250.9,0.538
22734933,701440707,1.75E+12,LP,21/06/2025,12:00:00,0.1486,4520.341,2.246,8388.253,0.19,2.2568,9.78,247.7001,0.545
22734933,701440707,1.75E+12,LP,21/06/2025,11:45:00,1.271,4520.304,0.2609,8387.691,1.3364,0.2817,6.623,244,0.6931
22734933,701440707,1.75E+12,LP,21/06/2025,11:30:00,1.0265,4519.987,0.3884,8387.627,1.0725,0.456,6.142,249,0.1041
22734933,701440707,1.75E+12,LP,21/06/2025,11:15:00,0.7899,4519.732,0.1065,8387.531,0.8769,0.1373,4.211,241.5,-0.512
22734933,701440707,1.75E+12,LP,21/06/2025,11:00:00,0.0019,4519.536,2.4369,8387.506,0.0051,2.4473,9.872,246.7001,-0.992
22734933,701440707,1.75E+12,LP,21/06/2025,10:45:00,0,4519.536,2.225,8386.9,0,2.2341,9.086,243.8,-1
22734933,701440707,1.75E+12,LP,21/06/2025,10:30:00,0,4519.536,1.2189,8386.341,0,1.2292,5.105,240.2001,-0.992
22734933,701440707,1.75E+12,LP,21/06/2025,10:15:00,0,4519.536,1.5167,8386.037,0,1.5239,6.2651,243.1001,-0.992
22734933,701440707,1.75E+12,LP,21/06/2025,10:00:00,0,4519.536,1.7631,8385.658,0,1.7697,7.149,247.5,-0.995
22734933,701440707,1.75E+12,LP,21/06/2025,09:45:00,0,4519.536,1.6447,8385.217,0,1.6518,6.699,246.5,-0.997
22734933,701440707,1.75E+12,LP,21/06/2025,09:30:00,0,4519.536,1.4543,8384.806,0,1.463,5.962,245.3,-0.996
22734933,701440707,1.75E+12,LP,21/06/2025,09:15:00,0,4519.536,0.8164,8384.4421,0,0.838,3.454,242.4,-0.989
22734933,701440707,1.75E+12,LP,21/06/2025,09:00:00,0,4519.536,0.597,8384.238,0,0.632,2.598,243.3,-0.974
22734933,701440707,1.75E+12,LP,21/06/2025,08:45:00,0,4519.536,0.4756,8384.088,0,0.5214,2.1471,242.8,-0.916
22734933,701440707,1.75E+12,LP,21/06/2025,08:30:00,0,4519.536,0.4488,8383.97,0,0.496,2.064,240.2001,-0.917
22734933,701440707,1.75E+12,LP,21/06/2025,08:15:00,0,4519.536,0.4538,8383.857,0,0.5006,2.08,240.6001,-0.908
22734933,701440707,1.75E+12,LP,21/06/2025,08:00:00,0,4519.536,0.3925,8383.744,0,0.447,1.874,238.4,-0.904
22734933,701440707,1.75E+12,LP,21/06/2025,07:45:00,0,4519.536,0.3788,8383.646,0,0.4375,1.821,240.1001,-0.859
22734933,701440707,1.75E+12,LP,21/06/2025,07:30:00,0,4519.536,0.5824,8383.551,0,0.6216,2.561,242.3,-0.863
22734933,701440707,1.75E+12,LP,21/06/2025,07:15:00,0,4519.536,0.6263,8383.406,0,0.6759,2.757,244.6001,-0.994
22734933,701440707,1.75E+12,LP,21/06/2025,07:00:00,0,4519.536,0.273,8383.249,0,0.3645,1.49,244.5,-0.762
22734933,701440707,1.75E+12,LP,21/06/2025,06:45:00,0,4519.536,0.1957,8383.181,0,0.3193,1.316,242.4,-0.785
22734933,701440707,1.75E+12,LP,21/06/2025,06:30:00,0,4519.536,0.1868,8383.132,0,0.3142,1.301,241.3,-0.471
22734933,701440707,1.75E+12,LP,21/06/2025,06:15:00,0,4519.536,0.0408,8383.0851,0.0004,0.2654,1.103,240.7001,-0.301
22734933,701440707,1.75E+12,LP,21/06/2025,06:00:00,0.0154,4519.536,0.0004,8383.075,0.065,0.0218,0.359,241.3,-0.025
22734933,701440707,1.75E+12,LP,21/06/2025,05:45:00,0.0187,4519.532,0,8383.075,0.034,0,0.14,242,0.547
22734933,701440707,1.75E+12,LP,21/06/2025,05:30:00,0.0185,4519.528,0,8383.075,0.0337,0,0.1411,238.5,0.546
22734933,701440707,1.75E+12,LP,21/06/2025,05:15:00,0.0185,4519.523,0,8383.075,0.0337,0,0.1411,237.9,0.549
22734933,701440707,1.75E+12,LP,21/06/2025,05:00:00,0.0185,4519.519,0,8383.075,0.0339,0,0.1411,239.2001,0.545
22734933,701440707,1.75E+12,LP,21/06/2025,04:45:00,0.0185,4519.514,0,8383.075,0.0337,0,0.14,239.5,0.545
22734933,701440707,1.75E+12,LP,21/06/2025,04:30:00,0.0185,4519.509,0,8383.075,0.0335,0,0.14,238.9,0.548
22734933,701440707,1.75E+12,LP,21/06/2025,04:15:00,0.0185,4519.505,0,8383.075,0.0337,0,0.1411,239,0.549
22734933,701440707,1.75E+12,LP,21/06/2025,04:00:00,0.0185,4519.5,0,8383.075,0.0339,0,0.1411,239.8,0.547
22734933,701440707,1.75E+12,LP,21/06/2025,03:45:00,0.0187,4519.495,0,8383.075,0.034,0,0.14,242.3,0.557
22734933,701440707,1.75E+12,LP,21/06/2025,03:30:00,0.0187,4519.491,0,8383.075,0.0344,0,0.1421,242.1001,0.547
22734933,701440707,1.75E+12,LP,21/06/2025,03:15:00,0.0187,4519.486,0,8383.075,0.0344,0,0.1421,242.5,0.537
22734933,701440707,1.75E+12,LP,21/06/2025,03:00:00,0.0187,4519.481,0,8383.075,0.0342,0,0.1411,242.1001,0.55
22734933,701440707,1.75E+12,LP,21/06/2025,02:45:00,0.0187,4519.477,0,8383.075,0.034,0,0.1411,240.9,0.545
22734933,701440707,1.75E+12,LP,21/06/2025,02:30:00,0.0187,4519.472,0,8383.075,0.0339,0,0.14,241,0.548
22734933,701440707,1.75E+12,LP,21/06/2025,02:15:00,0.0187,4519.467,0,8383.075,0.034,0,0.1411,240.9,0.54
22734933,701440707,1.75E+12,LP,21/06/2025,02:00:00,0.0185,4519.463,0,8383.075,0.0339,0,0.1411,240.6001,0.547
22734933,701440707,1.75E+12,LP,21/06/2025,01:45:00,0.0185,4519.4581,0,8383.075,0.0339,0,0.1411,240.1001,0.55
22734933,701440707,1.75E+12,LP,21/06/2025,01:30:00,0.0185,4519.453,0,8383.075,0.0337,0,0.1411,238.7001,0.542
22734933,701440707,1.75E+12,LP,21/06/2025,01:15:00,0.0185,4519.4491,0,8383.075,0.0339,0,0.1421,238.4,0.549
22734933,701440707,1.75E+12,LP,21/06/2025,01:00:00,0.0185,4519.444,0,8383.075,0.0337,0,0.1421,238.1001,0.547
22734933,701440707,1.75E+12,LP,21/06/2025,00:45:00,0.0185,4519.439,0,8383.075,0.0339,0,0.1421,238.9,0.544
22734933,701440707,1.75E+12,LP,21/06/2025,00:30:00,0.0185,4519.435,0,8383.075,0.034,0,0.1411,239.9,0.536
22734933,701440707,1.75E+12,LP,21/06/2025,00:15:00,0.0185,4519.43,0,8383.075,0.0339,0,0.1421,239,0.544
22734933,701440707,1.75E+12,LP,21/06/2025,00:00:00,0.0185,4519.426,0,8383.075,0.0342,0,0.1421,240.2001,0.541
22734933,701440707,1.75E+12,LP,20/06/2025,23:45:00,0.0187,4519.421,0,8383.075,0.0344,0,0.1421,242,0.54
22734933,701440707,1.75E+12,LP,20/06/2025,23:30:00,0.0185,4519.416,0,8383.075,0.0342,0,0.1431,239.3,0.537
22734933,701440707,1.75E+12,LP,20/06/2025,23:15:00,0.0185,4519.412,0,8383.075,0.0344,0,0.1441,238.2001,0.533
22734933,701440707,1.75E+12,LP,20/06/2025,23:00:00,0.0182,4519.407,0,8383.075,0.0342,0,0.1441,236,0.538
22734933,701440707,1.75E+12,LP,20/06/2025,22:45:00,0.0185,4519.402,0,8383.075,0.0342,0,0.1431,238.7001,0.541
22734933,701440707,1.75E+12,LP,20/06/2025,22:30:00,0.0185,4519.398,0,8383.075,0.0342,0,0.1421,239.1001,0.541
22734933,701440707,1.75E+12,LP,20/06/2025,22:15:00,0.0187,4519.393,0,8383.075,0.0342,0,0.1421,241.5,0.545
22734933,701440707,1.75E+12,LP,20/06/2025,22:00:00,0.6864,4519.388,0,8383.075,0.6992,0,2.961,240,0.543
22734933,701440707,1.75E+12,LP,20/06/2025,21:45:00,3.2801,4519.219,0,8383.075,3.2913,0,14.0271,234.6001,0.977
22734933,701440707,1.75E+12,LP,20/06/2025,21:30:00,3.223,4518.4001,0,8383.075,3.2393,0,13.817,234.4,0.988
22734933,701440707,1.75E+12,LP,20/06/2025,21:15:00,0.6966,4517.594,0,8383.075,0.7132,0,3.023,240.5,0.994
22734933,701440707,1.75E+12,LP,20/06/2025,21:00:00,0.1205,4517.419,0,8383.075,0.139,0,0.586,238.2001,0.543
22734933,701440707,1.75E+12,LP,20/06/2025,20:45:00,0.1937,4517.389,0,8383.075,0.2144,0,0.912,234.9,0.888
22734933,701440707,1.75E+12,LP,20/06/2025,20:30:00,0.197,4517.341,0,8383.075,0.2205,0,0.916,240.5,0.897
22734933,701440707,1.75E+12,LP,20/06/2025,20:15:00,0.1967,4517.291,0,8383.075,0.2203,0,0.917,240,0.866
22734933,701440707,1.75E+12,LP,20/06/2025,20:00:00,0.1973,4517.242,0,8383.075,0.2209,0,0.925,238.6001,0.901
22734933,701440707,1.75E+12,LP,20/06/2025,19:45:00,0.0502,4517.193,0,8383.075,0.065,0,0.274,236.5,0.868
22734933,701440707,1.75E+12,LP,20/06/2025,19:30:00,0.027,4517.18,0,8383.075,0.04,0,0.171,234.1001,0.678
22734933,701440707,1.75E+12,LP,20/06/2025,19:15:00,0.0268,4517.174,0,8383.075,0.04,0,0.171,232.9,0.672
22734933,701440707,1.75E+12,LP,20/06/2025,19:00:00,0.0316,4517.167,0,8383.075,0.0952,0,0.405,235.4,0.673
22734933,701440707,1.75E+12,LP,20/06/2025,18:45:00,0.0374,4517.159,0,8383.075,0.2692,0,1.1341,237.4,0.1721
22734933,701440707,1.75E+12,LP,20/06/2025,18:30:00,0.0008,4517.1501,0.019,8383.075,0.0592,0.2053,1.105,239.3,0.065
22734933,701440707,1.75E+12,LP,20/06/2025,18:15:00,0,4517.1501,0.1262,8383.07,0,0.2802,1.166,240.2001,-0.192
22734933,701440707,1.75E+12,LP,20/06/2025,18:00:00,0,4517.1501,0.2367,8383.039,0,0.3351,1.389,241.1001,-0.584
22734933,701440707,1.75E+12,LP,20/06/2025,17:45:00,0,4517.1501,0.376,8382.98,0,0.433,1.793,241.5,-0.83
22734933,701440707,1.75E+12,LP,20/06/2025,17:30:00,0,4517.1501,0.5233,8382.886,0,0.5589,2.31,241.7001,-0.858
22734933,701440707,1.75E+12,LP,20/06/2025,17:15:00,0,4517.1501,0.6545,8382.7551,0,0.6754,2.7841,242.4,-0.962
22734933,701440707,1.75E+12,LP,20/06/2025,17:00:00,0,4517.1501,0.9401,8382.592,0,0.9528,3.8971,244.3,-0.978
22734933,701440707,1.75E+12,LP,20/06/2025,16:45:00,0,4517.1501,1.4045,8382.357,0,1.4123,5.737,246.2001,-0.989
22734933,701440707,1.75E+12,LP,20/06/2025,16:30:00,0,4517.1501,1.4424,8382.006,0,1.4492,6.018,240.4,-0.998
22734933,701440707,1.75E+12,LP,20/06/2025,16:15:00,0,4517.1501,1.6214,8381.645,0,1.6255,6.634,244.9,-0.997
22734933,701440707,1.75E+12,LP,20/06/2025,16:00:00,0,4517.1501,1.9937,8381.24,0,1.9984,8.154,245.1001,-0.999
22734933,701440707,1.75E+12,LP,20/06/2025,15:45:00,0,4517.1501,1.8057,8380.742,0,1.8247,7.367,245.2001,-0.999
22734933,701440707,1.75E+12,LP,20/06/2025,15:30:00,0,4517.1501,2.0844,8380.29,0,2.0939,8.541,244.2001,-0.88
22734933,701440707,1.75E+12,LP,20/06/2025,15:15:00,0,4517.1501,2.6015,8379.769,0,2.6054,10.509,247.9,-0.998
22734933,701440707,1.75E+12,LP,20/06/2025,15:00:00,0,4517.1501,2.7183,8379.119,0,2.7222,11.058,246.1001,-1
22734933,701440707,1.75E+12,LP,20/06/2025,14:45:00,0,4517.1501,2.864,8378.44,0,2.8703,11.7321,244.3,-0.985
22734933,701440707,1.75E+12,LP,20/06/2025,14:30:00,0,4517.1501,3.367,8377.723,0,3.3698,13.656,246.7001,-1
22734933,701440707,1.75E+12,LP,20/06/2025,14:15:00,0,4517.1501,3.1565,8376.881,0,3.1627,12.674,249.5,-0.998
22734933,701440707,1.75E+12,LP,20/06/2025,14:00:00,0.0039,4517.1501,2.64,8376.092,0.0085,2.6478,10.621,249.7001,-0.979
22734933,701440707,1.75E+12,LP,20/06/2025,13:45:00,0.004,4517.1501,1.9177,8375.434,0.0086,1.9303,7.735,249.8,-0.998
22734933,701440707,1.75E+12,LP,20/06/2025,13:30:00,0,4517.149,1.5539,8374.955,0,1.5597,6.297,247.5,-0.992
22734933,701440707,1.75E+12,LP,20/06/2025,13:15:00,0,4517.149,2.3246,8374.566,0,2.3281,9.457,245.7001,-0.994
22734933,701440707,1.75E+12,LP,20/06/2025,13:00:00,0.0138,4517.149,2.8235,8373.985,0.0169,2.8332,11.4311,246.4,-0.997
22734933,701440707,1.75E+12,LP,20/06/2025,12:45:00,0.0296,4517.146,2.4612,8373.281,0.0345,2.4733,9.978,249.7001,-0.996
22734933,701440707,1.75E+12,LP,20/06/2025,12:30:00,0.076,4517.139,2.1234,8372.665,0.0826,2.1318,8.833,249.2001,-0.999
22734933,701440707,1.75E+12,LP,20/06/2025,12:15:00,0.0627,4517.121,1.922,8372.133,0.0678,1.933,7.941,249.4,-0.992
22734933,701440707,1.75E+12,LP,20/06/2025,12:00:00,0.1134,4517.106,1.4118,8371.655,0.1272,1.4183,6.104,249.8,-0.992
22734933,701440707,1.75E+12,LP,20/06/2025,11:45:00,0.0069,4517.078,2.15,8371.302,0.0128,2.1616,8.678,248.7001,-0.994
22734933,701440707,1.75E+12,LP,20/06/2025,11:30:00,0,4517.077,2.3069,8370.765,0,2.3109,9.472,243.7001,-1
22734933,701440707,1.75E+12,LP,20/06/2025,11:15:00,0,4517.077,1.7026,8370.188,0,1.7109,6.987,244.8,-0.997
22734933,701440707,1.75E+12,LP,20/06/2025,11:00:00,0,4517.077,1.1953,8369.762,0,1.2069,4.925,245.1001,-0.995
22734933,701440707,1.75E+12,LP,20/06/2025,10:45:00,0,4517.077,1.4557,8369.463,0,1.4647,6.118,239.6001,-0.992
22734933,701440707,1.75E+12,LP,20/06/2025,10:30:00,0,4517.077,2.3304,8369.099,0,2.346,9.581,241.4,-0.996
22734933,701440707,1.75E+12,LP,20/06/2025,10:15:00,0,4517.077,2.2146,8368.516,0,2.2198,9.2001,240.8,-1
22734933,701440707,1.75E+12,LP,20/06/2025,10:00:00,0,4517.077,2.1779,8367.964,0,2.183,9.134,238.8,-1
22734933,701440707,1.75E+12,LP,20/06/2025,09:45:00,0,4517.077,1.091,8367.419,0,1.1163,4.743,235.1001,-0.998
22734933,701440707,1.75E+12,LP,20/06/2025,09:30:00,0,4517.077,0.4885,8367.146,0,0.5586,2.356,236.6001,-0.899
22734933,701440707,1.75E+12,LP,20/06/2025,09:15:00,0,4517.077,0.8676,8367.024,0,0.8993,3.736,240.6001,-0.947
22734933,701440707,1.75E+12,LP,20/06/2025,09:00:00,0,4517.077,0.6089,8366.807,0,0.667,2.761,241.1001,-0.969
22734933,701440707,1.75E+12,LP,20/06/2025,08:45:00,0,4517.077,0.4833,8366.655,0,0.5524,2.2801,242.2001,-0.899
22734933,701440707,1.75E+12,LP,20/06/2025,08:30:00,0,4517.077,0.2564,8366.534,0,0.3877,1.606,241.2001,-0.794
22734933,701440707,1.75E+12,LP,20/06/2025,08:15:00,0.0007,4517.077,0.2489,8366.47,0.0176,0.388,1.704,238,-0.697
22734933,701440707,1.75E+12,LP,20/06/2025,08:00:00,0.0325,4517.077,0.9643,8366.408,0.0745,0.9892,4.421,239.9,-0.012
22734933,701440707,1.75E+12,LP,20/06/2025,07:45:00,0,4517.069,0.8184,8366.168,0,0.8395,3.557,235.3,-1
22734933,701440707,1.75E+12,LP,20/06/2025,07:30:00,0,4517.069,1.0527,8365.963,0,1.0667,4.453,238.8,-0.954
22734933,701440707,1.75E+12,LP,20/06/2025,07:15:00,0,4517.069,0.677,8365.7,0,0.7122,2.969,239.1001,-0.977
22734933,701440707,1.75E+12,LP,20/06/2025,07:00:00,0,4517.069,0.2112,8365.531,0,0.315,1.327,237.3,-0.781
22734933,701440707,1.75E+12,LP,20/06/2025,06:45:00,0.1129,4517.069,0.1062,8365.4781,0.1335,0.2344,1.547,238.2001,-0.565
22734933,701440707,1.75E+12,LP,20/06/2025,06:30:00,0.0505,4517.041,0.0448,8365.452,0.0762,0.2252,1.2691,237.4,0.882
22734933,701440707,1.75E+12,LP,20/06/2025,06:15:00,0.0057,4517.028,0.0063,8365.441,0.1274,0.0968,0.9521,235.3,-0.079
22734933,701440707,1.75E+12,LP,20/06/2025,06:00:00,0.0183,4517.027,0,8365.44,0.0344,0,0.145,237.2001,0.547
22734933,701440707,1.75E+12,LP,20/06/2025,05:45:00,0.0183,4517.022,0,8365.44,0.0339,0,0.1421,238,0.535
22734933,701440707,1.75E+12,LP,20/06/2025,05:30:00,0.0192,4517.018,0,8365.44,0.0361,0,0.15,239.2001,0.539
22734933,701440707,1.75E+12,LP,20/06/2025,05:15:00,0.2569,4517.013,0,8365.44,0.2863,0,1.195,239.5,0.48
22734933,701440707,1.75E+12,LP,20/06/2025,05:00:00,0.2677,4516.9491,0,8365.44,0.298,0,1.252,237.9,0.895
22734933,701440707,1.75E+12,LP,20/06/2025,04:45:00,0.2674,4516.8821,0,8365.44,0.2973,0,1.2551,236.8,0.898
22734933,701440707,1.75E+12,LP,20/06/2025,04:30:00,0.2669,4516.8151,0,8365.44,0.297,0,1.2511,237.4,0.899
22734933,701440707,1.75E+12,LP,20/06/2025,04:15:00,0.2669,4516.7481,0,8365.44,0.2972,0,1.247,238.4,0.896
22734933,701440707,1.75E+12,LP,20/06/2025,04:00:00,0.2674,4516.6811,0,8365.44,0.2978,0,1.248,238.6001,0.898
22734933,701440707,1.75E+12,LP,20/06/2025,03:45:00,0.2675,4516.615,0,8365.44,0.298,0,1.252,237.9,0.898
22734933,701440707,1.75E+12,LP,20/06/2025,03:30:00,0.2684,4516.548,0,8365.44,0.2992,0,1.254,238.5,0.897
22734933,701440707,1.75E+12,LP,20/06/2025,03:15:00,0.2675,4516.481,0,8365.44,0.298,0,1.2511,238.1001,0.895
22734933,701440707,1.75E+12,LP,20/06/2025,03:00:00,0.2674,4516.414,0,8365.44,0.2978,0,1.254,237.3,0.895
22734933,701440707,1.75E+12,LP,20/06/2025,02:45:00,0.2671,4516.347,0,8365.44,0.2973,0,1.254,237,0.895
22734933,701440707,1.75E+12,LP,20/06/2025,02:30:00,0.2675,4516.28,0,8365.44,0.2973,0,1.26,235.9,0.895
22734933,701440707,1.75E+12,LP,20/06/2025,02:15:00,0.2669,4516.213,0,8365.44,0.2967,0,1.2511,237,0.902
22734933,701440707,1.75E+12,LP,20/06/2025,02:00:00,0.2679,4516.146,0,8365.44,0.2977,0,1.244,239.3,0.897
22734933,701440707,1.75E+12,LP,20/06/2025,01:45:00,0.2704,4516.079,0,8365.44,0.3005,0,1.2551,239.3,0.896
22734933,701440707,1.75E+12,LP,20/06/2025,01:30:00,0.3253,4516.012,0,8365.44,0.3583,0,1.5,238.9,0.905
22734933,701440707,1.75E+12,LP,20/06/2025,01:15:00,0.9068,4515.9311,0,8365.44,0.9401,0,3.954,237.7001,0.9
22734933,701440707,1.75E+12,LP,20/06/2025,01:00:00,0.0182,4515.704,0,8365.44,0.0334,0,0.1421,235.5,0.546
22734933,701440707,1.75E+12,LP,20/06/2025,00:45:00,0.0185,4515.7,0,8365.44,0.0337,0,0.1411,238.6001,0.548
22734933,701440707,1.75E+12,LP,20/06/2025,00:30:00,0.0185,4515.695,0,8365.44,0.0339,0,0.1421,238.3,0.549
22734933,701440707,1.75E+12,LP,20/06/2025,00:15:00,0.0183,4515.6901,0,8365.44,0.034,0,0.1431,237.5,0.54
22734933,701440707,1.75E+12,LP,20/06/2025,00:00:00,2.9738,4515.686,0,8365.44,2.9843,0,12.864,232.2001,0.53
22734933,701440707,1.75E+12,LP,19/06/2025,23:45:00,3.2052,4514.942,0,8365.44,3.2193,0,13.832,232.7001,0.996
22734933,701440707,1.75E+12,LP,19/06/2025,23:30:00,3.2397,4514.1411,0,8365.44,3.2505,0,14.183,229.2001,0.984
22734933,701440707,1.75E+12,LP,19/06/2025,23:15:00,1.8174,4513.331,0,8365.44,1.835,0,7.984,232.5,0.995
22734933,701440707,1.75E+12,LP,19/06/2025,23:00:00,0.0202,4512.875,0,8365.44,0.0385,0,0.16,239.1001,0.534
22734933,701440707,1.75E+12,LP,19/06/2025,22:45:00,0.227,4512.87,0,8365.44,0.2609,0,1.113,233.5,0.5761
22734933,701440707,1.75E+12,LP,19/06/2025,22:30:00,0.2265,4512.814,0,8365.44,0.2662,0,1.1441,232.3,0.9401
22734933,701440707,1.75E+12,LP,19/06/2025,22:15:00,0.113,4512.7571,0,8365.44,0.1459,0,0.615,237.4,0.559
22734933,701440707,1.75E+12,LP,19/06/2025,22:00:00,0.2758,4512.729,0,8365.44,0.3113,0,1.321,236,0.491
22734933,701440707,1.75E+12,LP,19/06/2025,21:45:00,0.2681,4512.66,0,8365.44,0.3092,0,1.309,236.3,0.935
22734933,701440707,1.75E+12,LP,19/06/2025,21:30:00,0.2634,4512.592,0,8365.44,0.2975,0,1.2751,233.4,0.4781
22734933,701440707,1.75E+12,LP,19/06/2025,21:15:00,0.194,4512.527,0,8365.44,0.2342,0,1.0031,234.1001,0.9421
22734933,701440707,1.75E+12,LP,19/06/2025,21:00:00,0.2347,4512.478,0,8365.44,0.2697,0,1.1341,238.2001,0.482
22734933,701440707,1.75E+12,LP,19/06/2025,20:45:00,0.227,4512.42,0,8365.44,0.2676,0,1.127,238.1001,0.9401
22734933,701440707,1.75E+12,LP,19/06/2025,20:30:00,0.2283,4512.363,0,8365.44,0.2553,0,1.082,236.1001,0.528
22734933,701440707,1.75E+12,LP,19/06/2025,20:15:00,0.2841,4512.3061,0,8365.44,0.3147,0,1.305,240.9,0.894
22734933,701440707,1.75E+12,LP,19/06/2025,20:00:00,0.3162,4512.235,0,8365.44,0.3516,0,1.46,240.8,0.912
22734933,701440707,1.75E+12,LP,19/06/2025,19:45:00,0.0195,4512.156,0,8365.44,0.0365,0,0.151,240.8,0.544
22734933,701440707,1.75E+12,LP,19/06/2025,19:30:00,0.3486,4512.151,0,8365.44,0.3803,0,1.594,238.8,0.4781
22734933,701440707,1.75E+12,LP,19/06/2025,19:15:00,0.278,4512.064,0,8365.44,0.3128,0,1.315,237.8,0.932
22734933,701440707,1.75E+12,LP,19/06/2025,19:00:00,0.0419,4511.994,0,8365.44,0.0795,0,0.331,239.5,0.676
22734933,701440707,1.75E+12,LP,19/06/2025,18:45:00,0.1595,4511.984,0,8365.44,0.3693,0,1.539,239.8,0.217
22734933,701440707,1.75E+12,LP,19/06/2025,18:30:00,0.333,4511.944,0.0337,8365.44,0.4233,0.1139,2.244,240,0.964
22734933,701440707,1.75E+12,LP,19/06/2025,18:15:00,0,4511.86,0.1834,8365.432,0,0.3112,1.287,241.6001,-0.487
22734933,701440707,1.75E+12,LP,19/06/2025,18:00:00,0,4511.86,0.3008,8365.386,0,0.3819,1.591,239.9,-0.67
22734933,701440707,1.75E+12,LP,19/06/2025,17:45:00,0,4511.86,0.2749,8365.311,0,0.3693,1.528,241.7001,-0.885
22734933,701440707,1.75E+12,LP,19/06/2025,17:30:00,0,4511.86,0.0984,8365.242,0,0.2732,1.149,237.7001,-0.496
22734933,701440707,1.75E+12,LP,19/06/2025,17:15:00,0.0081,4511.86,0.0148,8365.218,0.168,0.0985,1.119,238.2001,-0.172
22734933,701440707,1.75E+12,LP,19/06/2025,17:00:00,0,4511.859,0.2639,8365.214,0,0.3658,1.5351,237.8,-0.306
22734933,701440707,1.75E+12,LP,19/06/2025,16:45:00,0,4511.859,0.7815,8365.149,0,0.8038,3.336,240.6001,-0.94
22734933,701440707,1.75E+12,LP,19/06/2025,16:30:00,0.0123,4511.859,1.0102,8364.953,0.015,1.0236,4.261,243.4,-0.988
22734933,701440707,1.75E+12,LP,19/06/2025,16:15:00,0,4511.856,1.3927,8364.7011,0,1.4006,5.732,244.2001,-0.991
22734933,701440707,1.75E+12,LP,19/06/2025,16:00:00,1.2231,4511.856,0.6185,8364.3531,1.2547,0.6207,7.835,240.1001,-1
22734933,701440707,1.75E+12,LP,19/06/2025,15:45:00,1.797,4511.552,0,8364.198,1.8407,0,7.751,237.9,0.986
22734933,701440707,1.75E+12,LP,19/06/2025,15:30:00,1.3467,4511.102,0.1202,8364.198,1.3925,0.12,6.314,239.8,0.964
22734933,701440707,1.75E+12,LP,19/06/2025,15:15:00,0.6792,4510.7661,0,8364.168,0.8162,0,3.357,243.7001,0.935
22734933,701440707,1.75E+12,LP,19/06/2025,15:00:00,0.0064,4510.5961,2.528,8364.168,0.0105,2.5327,10.207,248.9,0.615
22734933,701440707,1.75E+12,LP,19/06/2025,14:45:00,0,4510.595,2.4942,8363.536,0,2.4982,10.032,248.8,-0.998
22734933,701440707,1.75E+12,LP,19/06/2025,14:30:00,0.0022,4510.595,2.4665,8362.913,0.0054,2.4803,9.937,248.6001,-0.997
22734933,701440707,1.75E+12,LP,19/06/2025,14:15:00,0,4510.595,2.8067,8362.296,0,2.8146,11.352,246.7001,-0.996
22734933,701440707,1.75E+12,LP,19/06/2025,14:00:00,0,4510.595,2.0211,8361.593,0,2.0362,8.194,245,-0.943
22734933,701440707,1.75E+12,LP,19/06/2025,13:45:00,0.0018,4510.595,2.3991,8361.088,0.005,2.4134,9.644,249.1001,-0.972
22734933,701440707,1.75E+12,LP,19/06/2025,13:30:00,0.0022,4510.595,2.3026,8360.492,0.0057,2.314,9.231,249.6001,-0.954
22734933,701440707,1.75E+12,LP,19/06/2025,13:15:00,0.0034,4510.595,2.3904,8359.9161,0.0085,2.4033,9.5881,248.6001,-0.988
22734933,701440707,1.75E+12,LP,19/06/2025,13:00:00,0.0015,4510.594,1.365,8359.318,0.005,1.3827,5.625,244.7001,-0.992
22734933,701440707,1.75E+12,LP,19/06/2025,12:45:00,0.0483,4510.594,1.7897,8358.9781,0.057,1.8064,7.444,249.6001,-0.984
22734933,701440707,1.75E+12,LP,19/06/2025,12:30:00,0.0015,4510.5831,2.5045,8358.5321,0.0044,2.5215,10.1,248.1001,-0.942
22734933,701440707,1.75E+12,LP,19/06/2025,12:15:00,0,4510.5831,2.1648,8357.903,0,2.1838,8.786,245.5,-0.995
22734933,701440707,1.75E+12,LP,19/06/2025,12:00:00,0.0002,4510.5831,0.9955,8357.363,0.0004,1.0094,4.215,239.3,-0.993
22734933,701440707,1.75E+12,LP,19/06/2025,11:45:00,0,4510.5831,1.3199,8357.114,0,1.3287,5.4271,244.3,-1
22734933,701440707,1.75E+12,LP,19/06/2025,11:30:00,0,4510.5831,0.9331,8356.784,0,0.9542,3.9091,243.8,-1
22734933,701440707,1.75E+12,LP,19/06/2025,11:15:00,0,4510.5831,1.0902,8356.55,0,1.1032,4.509,244.6001,-0.991
22734933,701440707,1.75E+12,LP,19/06/2025,11:00:00,0,4510.5831,0.849,8356.278,0,0.8707,3.56,244.4,-0.989
22734933,701440707,1.75E+12,LP,19/06/2025,10:45:00,0,4510.5831,0.8191,8356.065,0,0.8435,3.499,241,-0.991
22734933,701440707,1.75E+12,LP,19/06/2025,10:30:00,0.0024,4510.5831,2.0345,8355.86,0.0057,2.0451,8.281,245,-0.993
22734933,701440707,1.75E+12,LP,19/06/2025,10:15:00,0.0015,4510.5831,2.5797,8355.352,0.0044,2.5929,10.349,249.6001,-0.991
22734933,701440707,1.75E+12,LP,19/06/2025,10:00:00,0.0025,4510.5831,2.1101,8354.709,0.0066,2.124,8.476,249.7001,-0.991
22734933,701440707,1.75E+12,LP,19/06/2025,09:45:00,0.0034,4510.5831,1.8182,8354.182,0.0098,1.8394,7.3581,249,-0.993
22734933,701440707,1.75E+12,LP,19/06/2025,09:30:00,0.0051,4510.582,1.8465,8353.726,0.0094,1.8527,7.404,249.6001,0.539
22734933,701440707,1.75E+12,LP,19/06/2025,09:15:00,0,4510.582,1.4087,8353.2641,0,1.4185,5.784,244.6001,-0.992
22734933,701440707,1.75E+12,LP,19/06/2025,09:00:00,0,4510.582,2.0405,8352.912,0,2.0447,8.412,242.1001,-0.994
22734933,701440707,1.75E+12,LP,19/06/2025,08:45:00,0,4510.582,0.6866,8352.403,0,0.7152,3.005,237.8,-0.991
22734933,701440707,1.75E+12,LP,19/06/2025,08:30:00,0,4510.582,0.9127,8352.231,0,0.9314,3.8891,238.9,-0.905
22734933,701440707,1.75E+12,LP,19/06/2025,08:15:00,0,4510.582,0.74,8352.002,0,0.767,3.239,236.5,-0.972
22734933,701440707,1.75E+12,LP,19/06/2025,08:00:00,0,4510.582,1.3875,8351.818,0,1.4074,5.87,239.2001,-0.994
22734933,701440707,1.75E+12,LP,19/06/2025,07:45:00,0,4510.582,1.3878,8351.471,0,1.4057,5.7621,243.9,-0.993
22734933,701440707,1.75E+12,LP,19/06/2025,07:30:00,0,4510.582,0.8248,8351.124,0,0.8644,3.536,244,-0.981
22734933,701440707,1.75E+12,LP,19/06/2025,07:15:00,0,4510.582,0.2447,8350.918,0,0.4141,1.709,242.3,-0.943
22734933,701440707,1.75E+12,LP,19/06/2025,07:00:00,0,4510.582,0.2343,8350.856,0,0.3885,1.601,242.6001,-0.613
22734933,701440707,1.75E+12,LP,19/06/2025,06:45:00,0.0524,4510.582,0.0057,8350.798,0.2549,0.0714,1.364,239.1001,-0.144
22734933,701440707,1.75E+12,LP,19/06/2025,06:30:00,0.0275,4510.569,0.0175,8350.797,0.0874,0.1988,1.191,240.4,0.338
22734933,701440707,1.75E+12,LP,19/06/2025,06:15:00,0.0016,4510.562,0.0115,8350.792,0.0823,0.1795,1.084,241.4,-0.063
22734933,701440707,1.75E+12,LP,19/06/2025,06:00:00,0.0183,4510.562,0,8350.79,0.0342,0,0.1421,239.9,0.534
22734933,701440707,1.75E+12,LP,19/06/2025,05:45:00,0.0185,4510.557,0,8350.79,0.0342,0,0.1411,242.4,0.54
22734933,701440707,1.75E+12,LP,19/06/2025,05:30:00,0.0182,4510.553,0,8350.79,0.0339,0,0.1411,238.9,0.534
22734933,701440707,1.75E+12,LP,19/06/2025,05:15:00,0.0181,4510.548,0,8350.79,0.0332,0,0.14,236.4,0.541
22734933,701440707,1.75E+12,LP,19/06/2025,05:00:00,0.0182,4510.543,0,8350.79,0.0332,0,0.139,237.8,0.548
22734933,701440707,1.75E+12,LP,19/06/2025,04:45:00,0.0182,4510.539,0,8350.79,0.0332,0,0.139,238,0.547
22734933,701440707,1.75E+12,LP,19/06/2025,04:30:00,0.0181,4510.534,0,8350.79,0.0332,0,0.139,238.2001,0.546
22734933,701440707,1.75E+12,LP,19/06/2025,04:15:00,0.0183,4510.53,0,8350.79,0.0332,0,0.138,239.8,0.549
22734933,701440707,1.75E+12,LP,19/06/2025,04:00:00,0.0182,4510.5251,0,8350.79,0.0337,0,0.1411,239.1001,0.529
22734933,701440707,1.75E+12,LP,19/06/2025,03:45:00,0.0182,4510.521,0,8350.79,0.0339,0,0.1411,239.1001,0.538
22734933,701440707,1.75E+12,LP,19/06/2025,03:30:00,0.0182,4510.5161,0,8350.79,0.0337,0,0.14,239.2001,0.537
22734933,701440707,1.75E+12,LP,19/06/2025,03:15:00,0.0182,4510.511,0,8350.79,0.0337,0,0.1411,238.7001,0.544
22734933,701440707,1.75E+12,LP,19/06/2025,03:00:00,0.0182,4510.5071,0,8350.79,0.0337,0,0.14,239.4,0.543
22734933,701440707,1.75E+12,LP,19/06/2025,02:45:00,0.0183,4510.502,0,8350.79,0.0333,0,0.138,240.5,0.543
22734933,701440707,1.75E+12,LP,19/06/2025,02:30:00,0.0182,4510.4981,0,8350.79,0.0329,0,0.137,239.7001,0.557
22734933,701440707,1.75E+12,LP,19/06/2025,02:15:00,0.0183,4510.493,0,8350.79,0.0333,0,0.138,240.3,0.551
22734933,701440707,1.75E+12,LP,19/06/2025,02:00:00,0.0182,4510.4891,0,8350.79,0.0335,0,0.14,238.9,0.562
22734933,701440707,1.75E+12,LP,19/06/2025,01:45:00,0.0182,4510.484,0,8350.79,0.0337,0,0.1411,238.2001,0.543
22734933,701440707,1.75E+12,LP,19/06/2025,01:30:00,0.0182,4510.479,0,8350.79,0.0339,0,0.1421,238.6001,0.539
22734933,701440707,1.75E+12,LP,19/06/2025,01:15:00,0.0182,4510.475,0,8350.79,0.0337,0,0.1411,238.4,0.538
22734933,701440707,1.75E+12,LP,19/06/2025,01:00:00,0.0182,4510.47,0,8350.79,0.0337,0,0.1411,238.5,0.544
22734933,701440707,1.75E+12,LP,19/06/2025,00:45:00,0.0193,4510.466,0,8350.79,0.0349,0,0.145,241.4,0.558
22734933,701440707,1.75E+12,LP,19/06/2025,00:30:00,0.0193,4510.461,0,8350.79,0.035,0,0.145,241.2001,0.553
22734933,701440707,1.75E+12,LP,19/06/2025,00:15:00,0.0193,4510.456,0,8350.79,0.0349,0,0.145,239.8,0.554
22734933,701440707,1.75E+12,LP,19/06/2025,00:00:00,0.0193,4510.451,0,8350.79,0.0354,0,0.147,240.5,0.551
22734933,701440707,1.75E+12,LP,18/06/2025,23:45:00,0.0195,4510.446,0,8350.79,0.0359,0,0.148,242,0.546
22734933,701440707,1.75E+12,LP,18/06/2025,23:30:00,0.0193,4510.441,0,8350.79,0.0352,0,0.146,241.5,0.543
22734933,701440707,1.75E+12,LP,18/06/2025,23:15:00,0.0193,4510.437,0,8350.79,0.0352,0,0.145,242.7001,0.549
22734933,701440707,1.75E+12,LP,18/06/2025,23:00:00,0.0192,4510.432,0,8350.79,0.0361,0,0.15,240.2001,0.543
22734933,701440707,1.75E+12,LP,18/06/2025,22:45:00,0.019,4510.427,0,8350.79,0.0352,0,0.147,238.7001,0.544
22734933,701440707,1.75E+12,LP,18/06/2025,22:30:00,0.019,4510.4221,0,8350.79,0.0352,0,0.148,237.9,0.54
22734933,701440707,1.75E+12,LP,18/06/2025,22:15:00,0.0192,4510.417,0,8350.79,0.0352,0,0.147,239.1001,0.536
22734933,701440707,1.75E+12,LP,18/06/2025,22:00:00,0.0192,4510.4131,0,8350.79,0.0354,0,0.147,240,0.539
22734933,701440707,1.75E+12,LP,18/06/2025,21:45:00,0.0193,4510.408,0,8350.79,0.0359,0,0.149,241.2001,0.521
22734933,701440707,1.75E+12,LP,18/06/2025,21:30:00,0.0195,4510.403,0,8350.79,0.0361,0,0.147,244.9,0.545
22734933,701440707,1.75E+12,LP,18/06/2025,21:15:00,0.0193,4510.398,0,8350.79,0.0361,0,0.148,243.1001,0.54
22734933,701440707,1.75E+12,LP,18/06/2025,21:00:00,0.0193,4510.393,0,8350.79,0.0359,0,0.148,241.8,0.535
22734933,701440707,1.75E+12,LP,18/06/2025,20:45:00,0.1879,4510.388,0,8350.79,0.2132,0,0.88,242.2001,0.541
22734933,701440707,1.75E+12,LP,18/06/2025,20:30:00,0.1992,4510.341,0,8350.79,0.2245,0,0.926,242.2001,0.906
22734933,701440707,1.75E+12,LP,18/06/2025,20:15:00,0.1983,4510.292,0,8350.79,0.2237,0,0.927,241.1001,0.907
22734933,701440707,1.75E+12,LP,18/06/2025,20:00:00,0.1998,4510.242,0,8350.79,0.2257,0,0.929,242.7001,0.873
22734933,701440707,1.75E+12,LP,18/06/2025,19:45:00,0.5444,4510.192,0,8350.79,0.5672,0,2.379,241.3,0.91
22734933,701440707,1.75E+12,LP,18/06/2025,19:30:00,3.4923,4510.057,0,8350.79,3.5139,0,14.851,236.6001,0.994
22734933,701440707,1.75E+12,LP,18/06/2025,19:15:00,3.2267,4509.184,0,8350.79,3.242,0,13.946,232.4,0.995
22734933,701440707,1.75E+12,LP,18/06/2025,19:00:00,2.5742,4508.377,0,8350.79,2.5995,0,11.225,232.4,0.995
22734933,701440707,1.75E+12,LP,18/06/2025,18:45:00,0.0469,4507.733,0,8350.79,0.2679,0,1.1281,237.2001,0.231
22734933,701440707,1.75E+12,LP,18/06/2025,18:30:00,0.0082,4507.722,0.0272,8350.79,0.1087,0.1607,1.124,239.5,0.16
22734933,701440707,1.75E+12,LP,18/06/2025,18:15:00,0,4507.72,0.1154,8350.783,0,0.2758,1.158,238.2001,-0.275
22734933,701440707,1.75E+12,LP,18/06/2025,18:00:00,0,4507.72,0.2562,8350.754,0,0.3486,1.455,239.4,-0.562
22734933,701440707,1.75E+12,LP,18/06/2025,17:45:00,0.002,4507.72,0.3058,8350.69,0.0055,0.3698,1.566,239.6001,-0.823
22734933,701440707,1.75E+12,LP,18/06/2025,17:30:00,0,4507.72,0.3628,8350.614,0,0.4253,1.7771,239.3,-0.831
22734933,701440707,1.75E+12,LP,18/06/2025,17:15:00,0,4507.72,0.4085,8350.524,0,0.4625,1.928,239.6001,-0.882
22734933,701440707,1.75E+12,LP,18/06/2025,17:00:00,0,4507.72,0.6475,8350.422,0,0.6798,2.79,243.4,-0.902
22734933,701440707,1.75E+12,LP,18/06/2025,16:45:00,0,4507.72,1.0385,8350.26,0,1.055,4.349,242.4,-0.986
22734933,701440707,1.75E+12,LP,18/06/2025,16:30:00,0,4507.72,1.1253,8350,0,1.1375,4.702,241.7001,-0.968
22734933,701440707,1.75E+12,LP,18/06/2025,16:15:00,0,4507.72,1.478,8349.7191,0,1.485,6.1371,242,-0.992
22734933,701440707,1.75E+12,LP,18/06/2025,16:00:00,0,4507.72,1.8407,8349.35,0,1.8461,7.58,243.5,-0.996
22734933,701440707,1.75E+12,LP,18/06/2025,15:45:00,0,4507.72,2.2103,8348.89,0,2.215,9.053,244.6001,-0.998
22734933,701440707,1.75E+12,LP,18/06/2025,15:30:00,0,4507.72,2.4758,8348.337,0,2.4803,10.138,244.6001,-0.997
22734933,701440707,1.75E+12,LP,18/06/2025,15:15:00,0,4507.72,2.7287,8347.718,0,2.733,11.1521,245,-0.998
22734933,701440707,1.75E+12,LP,18/06/2025,15:00:00,0.0016,4507.72,2.1716,8347.036,0.005,2.186,8.91,245.6001,-0.999
22734933,701440707,1.75E+12,LP,18/06/2025,14:45:00,0,4507.72,3.42,8346.494,0,3.4243,13.725,249.4,-0.998
22734933,701440707,1.75E+12,LP,18/06/2025,14:30:00,0,4507.72,3.3403,8345.6391,0,3.3438,13.496,247.7001,-0.988
22734933,701440707,1.75E+12,LP,18/06/2025,14:15:00,0,4507.72,3.4127,8344.805,0,3.416,13.749,248.4,-0.997
22734933,701440707,1.75E+12,LP,18/06/2025,14:00:00,0.0018,4507.72,2.7461,8343.9511,0.0053,2.7575,11.09,247.2001,-0.999
22734933,701440707,1.75E+12,LP,18/06/2025,13:45:00,0,4507.72,3.7257,8343.265,0,3.7338,15.135,246.1001,-1
22734933,701440707,1.75E+12,LP,18/06/2025,13:30:00,0,4507.72,4.0773,8342.332,0,4.083,16.446,248.1001,-1
22734933,701440707,1.75E+12,LP,18/06/2025,13:15:00,0.0909,4507.72,1.5789,8341.313,0.0961,1.6404,7.065,244.7001,-0.999
22734933,701440707,1.75E+12,LP,18/06/2025,13:00:00,1.1038,4507.6991,0.742,8340.917,1.1458,0.7743,7.742,247.4,1
22734933,701440707,1.75E+12,LP,18/06/2025,12:45:00,0.005,4507.424,1.2702,8340.734,0.0187,1.2972,5.202,250.6001,-0.997
22734933,701440707,1.75E+12,LP,18/06/2025,12:30:00,0.0067,4507.424,1.5978,8340.417,0.014,1.6095,6.4271,251,-0.996
22734933,701440707,1.75E+12,LP,18/06/2025,12:15:00,0.0035,4507.423,1.6662,8340.02,0.0119,1.6895,6.718,250.2001,-0.993
22734933,701440707,1.75E+12,LP,18/06/2025,12:00:00,0.0077,4507.423,1.5514,8339.601,0.017,1.5633,6.244,250,-0.754
22734933,701440707,1.75E+12,LP,18/06/2025,11:45:00,0.0018,4507.423,2.5844,8339.215,0.0054,2.5988,10.416,249.1001,-0.999
22734933,701440707,1.75E+12,LP,18/06/2025,11:30:00,0,4507.423,3.0843,8338.568,0,3.0939,12.4,248.2001,-0.998
22734933,701440707,1.75E+12,LP,18/06/2025,11:15:00,0.0022,4507.423,2.8304,8337.795,0.006,2.8454,11.414,247.5,-0.789
22734933,701440707,1.75E+12,LP,18/06/2025,11:00:00,0.0047,4507.423,2.3578,8337.088,0.0158,2.3755,9.528,248.1001,-0.828
22734933,701440707,1.75E+12,LP,18/06/2025,10:45:00,0.0079,4507.4221,1.824,8336.498,0.015,1.8317,7.325,249.3,0.617
22734933,701440707,1.75E+12,LP,18/06/2025,10:30:00,0,4507.421,3.983,8336.045,0,3.9868,15.945,249.2001,-1
22734933,701440707,1.75E+12,LP,18/06/2025,10:15:00,0.0004,4507.421,2.423,8335.049,0.0032,2.4418,9.884,246.1001,-0.956
22734933,701440707,1.75E+12,LP,18/06/2025,10:00:00,0.0013,4507.421,2.5283,8334.4421,0.0024,2.5729,10.313,247.8,0.549
22734933,701440707,1.75E+12,LP,18/06/2025,09:45:00,0.1875,4507.421,0.5338,8333.811,0.2003,0.6428,3.455,244.8,-0.865
22734933,701440707,1.75E+12,LP,18/06/2025,09:30:00,0.0137,4507.378,1.1027,8333.68,0.0227,1.2391,5.0841,245.8,-0.814
22734933,701440707,1.75E+12,LP,18/06/2025,09:15:00,0,4507.376,2.7532,8333.4071,0,2.7599,11.242,244.4,-0.915
22734933,701440707,1.75E+12,LP,18/06/2025,09:00:00,0,4507.376,2.8338,8332.721,0,2.8374,11.519,246.1001,-0.999
22734933,701440707,1.75E+12,LP,18/06/2025,08:45:00,0,4507.376,2.6315,8332.012,0,2.6362,10.827,243.4,-0.992
22734933,701440707,1.75E+12,LP,18/06/2025,08:30:00,0,4507.376,2.395,8331.3531,0,2.3999,9.8831,242.8,-0.997
22734933,701440707,1.75E+12,LP,18/06/2025,08:15:00,0,4507.376,1.6382,8330.754,0,1.6445,6.798,242.1001,-0.998
22734933,701440707,1.75E+12,LP,18/06/2025,08:00:00,0,4507.376,1.6507,8330.345,0,1.6567,6.878,240.7001,-0.996
22734933,701440707,1.75E+12,LP,18/06/2025,07:45:00,0,4507.376,1.2707,8329.933,0,1.2792,5.3261,240.2001,-0.996
22734933,701440707,1.75E+12,LP,18/06/2025,07:30:00,0,4507.376,0.853,8329.615,0,0.8715,3.598,242.1001,-0.993
22734933,701440707,1.75E+12,LP,18/06/2025,07:15:00,0,4507.376,0.5963,8329.402,0,0.6286,2.581,243.5,-0.963
22734933,701440707,1.75E+12,LP,18/06/2025,07:00:00,0,4507.376,0.4415,8329.253,0,0.4908,2.025,242.2001,-0.934
22734933,701440707,1.75E+12,LP,18/06/2025,06:45:00,0,4507.376,0.3032,8329.142,0,0.3823,1.569,243.6001,-0.863
22734933,701440707,1.75E+12,LP,18/06/2025,06:30:00,0,4507.376,0.1592,8329.066,0,0.2967,1.225,242,-0.716
22734933,701440707,1.75E+12,LP,18/06/2025,06:15:00,0.0025,4507.376,0.0315,8329.027,0.038,0.2019,1.002,239.4,-0.307
22734933,701440707,1.75E+12,LP,18/06/2025,06:00:00,0.0183,4507.375,0,8329.019,0.033,0,0.138,239.5,0.55
22734933,701440707,1.75E+12,LP,18/06/2025,05:45:00,0.0183,4507.371,0,8329.019,0.0335,0,0.14,239.2001,0.55
22734933,701440707,1.75E+12,LP,18/06/2025,05:30:00,0.0182,4507.366,0,8329.019,0.0332,0,0.14,236.7001,0.549
22734933,701440707,1.75E+12,LP,18/06/2025,05:15:00,0.0181,4507.361,0,8329.019,0.0332,0,0.14,236.2001,0.545
22734933,701440707,1.75E+12,LP,18/06/2025,05:00:00,0.0181,4507.357,0,8329.019,0.0329,0,0.1411,234,0.543
22734933,701440707,1.75E+12,LP,18/06/2025,04:45:00,0.0181,4507.352,0,8329.019,0.033,0,0.14,235.9,0.548
22734933,701440707,1.75E+12,LP,18/06/2025,04:30:00,0.0181,4507.348,0,8329.019,0.033,0,0.14,235.8,0.551
22734933,701440707,1.75E+12,LP,18/06/2025,04:15:00,0.0181,4507.343,0,8329.019,0.033,0,0.139,236.3,0.549
22734933,701440707,1.75E+12,LP,18/06/2025,04:00:00,0.0182,4507.339,0,8329.019,0.0328,0,0.138,237.1001,0.549
22734933,701440707,1.75E+12,LP,18/06/2025,03:45:00,0.0181,4507.334,0,8329.019,0.0329,0,0.139,236.2001,0.554
22734933,701440707,1.75E+12,LP,18/06/2025,03:30:00,0.0181,4507.33,0,8329.019,0.0332,0,0.1411,236.2001,0.548
22734933,701440707,1.75E+12,LP,18/06/2025,03:15:00,0.0182,4507.325,0,8329.019,0.0332,0,0.14,236.8,0.544
22734933,701440707,1.75E+12,LP,18/06/2025,03:00:00,0.0181,4507.32,0,8329.019,0.0328,0,0.139,235.9,0.551
22734933,701440707,1.75E+12,LP,18/06/2025,02:45:00,0.0181,4507.316,0,8329.019,0.0327,0,0.139,235,0.555
22734933,701440707,1.75E+12,LP,18/06/2025,02:30:00,0.0183,4507.311,0,8329.019,0.0334,0,0.14,239.2001,0.55
22734933,701440707,1.75E+12,LP,18/06/2025,02:15:00,0.0185,4507.307,0,8329.019,0.0333,0,0.138,240.6001,0.55
22734933,701440707,1.75E+12,LP,18/06/2025,02:00:00,0.0185,4507.302,0,8329.019,0.0333,0,0.138,241.5,0.56
22734933,701440707,1.75E+12,LP,18/06/2025,01:45:00,0.0185,4507.2971,0,8329.019,0.0334,0,0.138,241.8,0.553
22734933,701440707,1.75E+12,LP,18/06/2025,01:30:00,0.0185,4507.293,0,8329.019,0.0335,0,0.138,242.1001,0.55
22734933,701440707,1.75E+12,LP,18/06/2025,01:15:00,0.0185,4507.2881,0,8329.019,0.0337,0,0.14,240.8,0.548
22734933,701440707,1.75E+12,LP,18/06/2025,01:00:00,0.0182,4507.284,0,8329.019,0.0337,0,0.14,239.1001,0.539
22734933,701440707,1.75E+12,LP,18/06/2025,00:45:00,0.0183,4507.279,0,8329.019,0.0334,0,0.139,239.7001,0.547
22734933,701440707,1.75E+12,LP,18/06/2025,00:30:00,0.0183,4507.274,0,8329.019,0.0333,0,0.139,239.5,0.554
22734933,701440707,1.75E+12,LP,18/06/2025,00:15:00,0.0183,4507.27,0,8329.019,0.0334,0,0.139,240.4,0.551
22734933,701440707,1.75E+12,LP,18/06/2025,00:00:00,0.0183,4507.265,0,8329.019,0.0333,0,0.139,239.3,0.547
22734933,701440707,1.75E+12,LP,17/06/2025,23:45:00,0.0183,4507.261,0,8329.019,0.0334,0,0.139,239.7001,0.559
22734933,701440707,1.75E+12,LP,17/06/2025,23:30:00,0.0185,4507.256,0,8329.019,0.0337,0,0.139,242,0.554
22734933,701440707,1.75E+12,LP,17/06/2025,23:15:00,0.0185,4507.251,0,8329.019,0.0342,0,0.1411,241.5,0.531
22734933,701440707,1.75E+12,LP,17/06/2025,23:00:00,0.0183,4507.247,0,8329.019,0.0342,0,0.1421,240.4,0.536
22734933,701440707,1.75E+12,LP,17/06/2025,22:45:00,0.0183,4507.242,0,8329.019,0.0337,0,0.14,239.4,0.539
22734933,701440707,1.75E+12,LP,17/06/2025,22:30:00,0.0181,4507.238,0,8329.019,0.0339,0,0.1441,235.4,0.539
22734933,701440707,1.75E+12,LP,17/06/2025,22:15:00,0.0183,4507.233,0,8329.019,0.0347,0,0.1441,240.6001,0.542
22734933,701440707,1.75E+12,LP,17/06/2025,22:00:00,0.0182,4507.228,0,8329.019,0.0345,0,0.1441,238.9,0.512
22734933,701440707,1.75E+12,LP,17/06/2025,21:45:00,0.0183,4507.224,0,8329.019,0.0346,0,0.145,239.3,0.525
22734933,701440707,1.75E+12,LP,17/06/2025,21:30:00,0.0183,4507.219,0,8329.019,0.0342,0,0.1431,238.5,0.528
22734933,701440707,1.75E+12,LP,17/06/2025,21:15:00,0.1388,4507.215,0,8329.019,0.161,0,0.664,242.1001,0.54
22734933,701440707,1.75E+12,LP,17/06/2025,21:00:00,0.1978,4507.18,0,8329.019,0.222,0,0.931,238.5,0.868
22734933,701440707,1.75E+12,LP,17/06/2025,20:45:00,0.198,4507.131,0,8329.019,0.2225,0,0.932,238.6001,0.886
22734933,701440707,1.75E+12,LP,17/06/2025,20:30:00,0.198,4507.081,0,8329.019,0.2217,0,0.934,237.3,0.907
22734933,701440707,1.75E+12,LP,17/06/2025,20:15:00,0.1978,4507.031,0,8329.019,0.2209,0,0.936,235.9,0.914
22734933,701440707,1.75E+12,LP,17/06/2025,20:00:00,0.0228,4506.982,0,8329.019,0.039,0,0.162,240.4,0.915
22734933,701440707,1.75E+12,LP,17/06/2025,19:45:00,0.0185,4506.976,0,8329.019,0.0342,0,0.1411,241.8,0.542
22734933,701440707,1.75E+12,LP,17/06/2025,19:30:00,0.0181,4506.972,0,8329.019,0.0337,0,0.1421,235.8,0.543
22734933,701440707,1.75E+12,LP,17/06/2025,19:15:00,0.0181,4506.967,0,8329.019,0.0334,0,0.1421,235.6001,0.541
22734933,701440707,1.75E+12,LP,17/06/2025,19:00:00,0.0192,4506.963,0,8329.019,0.039,0,0.164,237.4,0.544
22734933,701440707,1.75E+12,LP,17/06/2025,18:45:00,0.0369,4506.9581,0,8329.019,0.2662,0,1.122,237.1001,0.1181
22734933,701440707,1.75E+12,LP,17/06/2025,18:30:00,0.0172,4506.9491,0.0025,8329.019,0.1978,0.064,1.107,236.5,0.123
22734933,701440707,1.75E+12,LP,17/06/2025,18:15:00,0,4506.945,0.0725,8329.019,0,0.266,1.117,237.9,-0.078
22734933,701440707,1.75E+12,LP,17/06/2025,18:00:00,0,4506.945,0.1587,8329.001,0,0.2885,1.216,237.2001,-0.47
22734933,701440707,1.75E+12,LP,17/06/2025,17:45:00,0,4506.945,0.2032,8328.961,0,0.3043,1.305,233,-0.664
22734933,701440707,1.75E+12,LP,17/06/2025,17:30:00,0,4506.945,0.3506,8328.91,0,0.4158,1.735,239.5,-0.76
22734933,701440707,1.75E+12,LP,17/06/2025,17:15:00,0,4506.945,0.4427,8328.822,0,0.491,2.044,240.2001,-0.886
22734933,701440707,1.75E+12,LP,17/06/2025,17:00:00,0,4506.945,0.4011,8328.712,0,0.4554,1.899,239.7001,-0.883
22734933,701440707,1.75E+12,LP,17/06/2025,16:45:00,0,4506.945,0.5402,8328.6121,0,0.5762,2.411,238.8,-0.894
22734933,701440707,1.75E+12,LP,17/06/2025,16:30:00,0.0001,4506.945,0.6043,8328.477,0.0005,0.6365,2.628,242.3,-0.95
22734933,701440707,1.75E+12,LP,17/06/2025,16:15:00,0,4506.945,0.5629,8328.325,0,0.598,2.479,241.1001,-0.944
22734933,701440707,1.75E+12,LP,17/06/2025,16:00:00,0,4506.945,0.3635,8328.185,0,0.4235,1.778,238.1001,-0.915
22734933,701440707,1.75E+12,LP,17/06/2025,15:45:00,0,4506.945,0.3755,8328.0941,0,0.4343,1.812,239.5,-0.852
22734933,701440707,1.75E+12,LP,17/06/2025,15:30:00,0,4506.945,0.409,8328,0,0.4635,1.92,241.3,-0.879
22734933,701440707,1.75E+12,LP,17/06/2025,15:15:00,0,4506.945,0.3995,8327.8981,0,0.4591,1.8901,242.8,-0.899
22734933,701440707,1.75E+12,LP,17/06/2025,15:00:00,0,4506.945,0.4081,8327.798,0,0.4648,1.9121,243,-0.865
22734933,701440707,1.75E+12,LP,17/06/2025,14:45:00,0,4506.945,0.7062,8327.696,0,0.732,3.023,242.1001,-0.921
22734933,701440707,1.75E+12,LP,17/06/2025,14:30:00,1.6543,4506.945,0.3244,8327.52,1.68,0.3275,8.429,239.1001,-0.985
22734933,701440707,1.75E+12,LP,17/06/2025,14:15:00,2.1166,4506.532,0,8327.439,2.1524,0,9.196,234.2001,0.974
22734933,701440707,1.75E+12,LP,17/06/2025,14:00:00,0.291,4506.003,1.7668,8327.439,0.2962,1.7748,8.571,240.7001,0.986
22734933,701440707,1.75E+12,LP,17/06/2025,13:45:00,0,4505.93,2.1525,8326.999,0,2.1579,8.8831,242.8,-0.996
22734933,701440707,1.75E+12,LP,17/06/2025,13:30:00,0.0016,4505.93,2.3055,8326.461,0.0055,2.3168,9.3991,245.4,-1
22734933,701440707,1.75E+12,LP,17/06/2025,13:15:00,0.0004,4505.93,2.6389,8325.886,0.003,2.6554,10.708,246.2001,-0.996
22734933,701440707,1.75E+12,LP,17/06/2025,13:00:00,0.0025,4505.93,3.1865,8325.225,0.0047,3.192,12.7961,247.7001,0.546
22734933,701440707,1.75E+12,LP,17/06/2025,12:45:00,0,4505.93,2.0903,8324.429,0,2.0958,8.521,245.8,-0.996
22734933,701440707,1.75E+12,LP,17/06/2025,12:30:00,0,4505.93,2.3254,8323.9071,0,2.3306,9.414,247.5,-0.997
22734933,701440707,1.75E+12,LP,17/06/2025,12:15:00,0,4505.93,2.4233,8323.325,0,2.4281,9.862,246.1001,-1
22734933,701440707,1.75E+12,LP,17/06/2025,12:00:00,0,4505.93,2.7984,8322.7191,0,2.8018,11.392,245.6001,-0.997
22734933,701440707,1.75E+12,LP,17/06/2025,11:45:00,0.0018,4505.93,1.8407,8322.02,0.0053,1.8609,7.43,250.3,-0.998
22734933,701440707,1.75E+12,LP,17/06/2025,11:30:00,0.0535,4505.93,1.5587,8321.559,0.0983,1.5807,6.665,249.9,-0.822
22734933,701440707,1.75E+12,LP,17/06/2025,11:15:00,1.0428,4505.919,0.1978,8321.17,1.1047,0.2942,5.69,247.2001,-0.222
22734933,701440707,1.75E+12,LP,17/06/2025,11:00:00,0.2538,4505.659,0.7132,8321.122,0.3244,0.7705,4.429,245.1001,-0.257
22734933,701440707,1.75E+12,LP,17/06/2025,10:45:00,1.0567,4505.5961,0,8320.944,1.1215,0,4.79,234.1001,0.918
22734933,701440707,1.75E+12,LP,17/06/2025,10:30:00,0.5399,4505.332,1.2733,8320.944,0.5746,1.2753,7.589,242.1001,0.9591
22734933,701440707,1.75E+12,LP,17/06/2025,10:15:00,0,4505.197,2.8125,8320.625,0,2.8168,11.449,245.5,-0.998
22734933,701440707,1.75E+12,LP,17/06/2025,10:00:00,0,4505.197,2.5575,8319.922,0,2.5622,10.504,243.7001,-0.997
22734933,701440707,1.75E+12,LP,17/06/2025,09:45:00,0,4505.197,2.7777,8319.2821,0,2.7817,11.621,239.1001,-0.997
22734933,701440707,1.75E+12,LP,17/06/2025,09:30:00,0,4505.197,2.459,8318.588,0,2.4643,10.199,241.7001,-0.998
22734933,701440707,1.75E+12,LP,17/06/2025,09:15:00,0,4505.197,2.1573,8317.973,0,2.1626,8.972,240.8,-0.997
22734933,701440707,1.75E+12,LP,17/06/2025,09:00:00,0,4505.197,1.7724,8317.434,0,1.7782,7.3661,241.4,-0.996
22734933,701440707,1.75E+12,LP,17/06/2025,08:45:00,0,4505.197,2.0771,8316.991,0,2.0825,8.642,240.8,-0.998
22734933,701440707,1.75E+12,LP,17/06/2025,08:30:00,0,4505.197,1.2694,8316.471,0,1.2785,5.352,238.7001,-0.993
22734933,701440707,1.75E+12,LP,17/06/2025,08:15:00,0,4505.197,1.9414,8316.154,0,1.9479,8.053,241.5,-0.981
22734933,701440707,1.75E+12,LP,17/06/2025,08:00:00,0,4505.197,1.6742,8315.669,0,1.6824,7.01,239.6001,-1
22734933,701440707,1.75E+12,LP,17/06/2025,07:45:00,0,4505.197,0.7375,8315.25,0,0.7591,3.209,236.6001,-0.985
22734933,701440707,1.75E+12,LP,17/06/2025,07:30:00,0,4505.197,0.5742,8315.066,0,0.6077,2.565,236.9,-0.955
22734933,701440707,1.75E+12,LP,17/06/2025,07:15:00,0,4505.197,0.5636,8314.922,0,0.5963,2.507,237.8,-0.954
22734933,701440707,1.75E+12,LP,17/06/2025,07:00:00,0,4505.197,0.3264,8314.781,0,0.3995,1.676,238.2001,-0.927
22734933,701440707,1.75E+12,LP,17/06/2025,06:45:00,0,4505.197,0.0687,8314.7,0.0039,0.2619,1.12,237.1001,-0.582
22734933,701440707,1.75E+12,LP,17/06/2025,06:30:00,0.0016,4505.197,0.0074,8314.683,0.13,0.1348,1.106,239.3,-0.004
22734933,701440707,1.75E+12,LP,17/06/2025,06:15:00,0.0071,4505.197,0.0041,8314.681,0.0779,0.108,0.785,237.2001,-0.058
22734933,701440707,1.75E+12,LP,17/06/2025,06:00:00,0.0223,4505.195,0,8314.68,0.0364,0,0.152,239.4,0.544
22734933,701440707,1.75E+12,LP,17/06/2025,05:45:00,0.045,4505.1901,0,8314.68,0.0512,0,0.213,240.6001,0.871
22734933,701440707,1.75E+12,LP,17/06/2025,05:30:00,0.045,4505.178,0,8314.68,0.0514,0,0.212,241.3,0.897
22734933,701440707,1.75E+12,LP,17/06/2025,05:15:00,0.0448,4505.167,0,8314.68,0.0512,0,0.215,237.8,0.871
22734933,701440707,1.75E+12,LP,17/06/2025,05:00:00,0.0446,4505.156,0,8314.68,0.0511,0,0.216,236.4,0.857
22734933,701440707,1.75E+12,LP,17/06/2025,04:45:00,0.0449,4505.145,0,8314.68,0.051,0,0.213,238.8,0.862
22734933,701440707,1.75E+12,LP,17/06/2025,04:30:00,0.0448,4505.134,0,8314.68,0.0504,0,0.211,238.7001,0.899
22734933,701440707,1.75E+12,LP,17/06/2025,04:15:00,0.0449,4505.122,0,8314.68,0.0505,0,0.211,239.4,0.907
22734933,701440707,1.75E+12,LP,17/06/2025,04:00:00,0.045,4505.111,0,8314.68,0.0509,0,0.212,240,0.884
22734933,701440707,1.75E+12,LP,17/06/2025,03:45:00,0.045,4505.1,0,8314.68,0.051,0,0.212,240.1001,0.883
22734933,701440707,1.75E+12,LP,17/06/2025,03:30:00,0.045,4505.089,0,8314.68,0.0516,0,0.214,240.5,0.879
22734933,701440707,1.75E+12,LP,17/06/2025,03:15:00,0.045,4505.077,0,8314.68,0.0514,0,0.213,240.7001,0.869
22734933,701440707,1.75E+12,LP,17/06/2025,03:00:00,0.045,4505.066,0,8314.68,0.0515,0,0.214,240.5,0.863
22734933,701440707,1.75E+12,LP,17/06/2025,02:45:00,0.0454,4505.055,0,8314.68,0.0516,0,0.212,243.2001,0.852
22734933,701440707,1.75E+12,LP,17/06/2025,02:30:00,0.0453,4505.043,0,8314.68,0.0511,0,0.211,242.6001,0.886
22734933,701440707,1.75E+12,LP,17/06/2025,02:15:00,0.0451,4505.032,0,8314.68,0.0511,0,0.211,241.3,0.89
22734933,701440707,1.75E+12,LP,17/06/2025,02:00:00,0.045,4505.021,0,8314.68,0.0512,0,0.212,241.2001,0.867
22734933,701440707,1.75E+12,LP,17/06/2025,01:45:00,0.0451,4505.01,0,8314.68,0.0514,0,0.212,242.1001,0.87
22734933,701440707,1.75E+12,LP,17/06/2025,01:30:00,0.045,4504.9981,0,8314.68,0.0511,0,0.213,240.2001,0.877
22734933,701440707,1.75E+12,LP,17/06/2025,01:15:00,0.045,4504.987,0,8314.68,0.0515,0,0.213,240.8,0.85
22734933,701440707,1.75E+12,LP,17/06/2025,01:00:00,0.045,4504.976,0,8314.68,0.0517,0,0.216,239.5,0.854
22734933,701440707,1.75E+12,LP,17/06/2025,00:45:00,0.0449,4504.965,0,8314.68,0.0511,0,0.214,238.6001,0.866
22734933,701440707,1.75E+12,LP,17/06/2025,00:30:00,0.0449,4504.953,0,8314.68,0.0511,0,0.214,238.9,0.867
22734933,701440707,1.75E+12,LP,17/06/2025,00:15:00,0.0435,4504.942,0,8314.68,0.0506,0,0.21,240.5,0.874
22734933,701440707,1.75E+12,LP,17/06/2025,00:00:00,0.0253,4504.9311,0,8314.68,0.038,0,0.157,242.5,0.544
22734933,701440707,1.75E+12,LP,16/06/2025,23:45:00,0.0451,4504.925,0,8314.68,0.0504,0,0.2081,241.2001,0.904
22734933,701440707,1.75E+12,LP,16/06/2025,23:30:00,0.0449,4504.914,0,8314.68,0.0506,0,0.211,239.1001,0.882
22734933,701440707,1.75E+12,LP,16/06/2025,23:15:00,0.045,4504.902,0,8314.68,0.0507,0,0.212,239.3,0.885
22734933,701440707,1.75E+12,LP,16/06/2025,23:00:00,0.0449,4504.8911,0,8314.68,0.0511,0,0.214,238.6001,0.876
22734933,701440707,1.75E+12,LP,16/06/2025,22:45:00,0.0449,4504.88,0,8314.68,0.052,0,0.218,238.5,0.863
22734933,701440707,1.75E+12,LP,16/06/2025,22:30:00,0.0445,4504.869,0,8314.68,0.0516,0,0.218,236.3,0.868
22734933,701440707,1.75E+12,LP,16/06/2025,22:15:00,0.0445,4504.858,0,8314.68,0.0516,0,0.217,237.6001,0.865
22734933,701440707,1.75E+12,LP,16/06/2025,22:00:00,0.0445,4504.8461,0,8314.68,0.0516,0,0.217,237.8,0.862
22734933,701440707,1.75E+12,LP,16/06/2025,21:45:00,0.0939,4504.835,0,8314.68,0.1049,0,0.447,235.4,0.873
22734933,701440707,1.75E+12,LP,16/06/2025,21:30:00,0.1082,4504.812,0,8314.68,0.1401,0,0.592,239.7001,0.915
22734933,701440707,1.75E+12,LP,16/06/2025,21:15:00,0.1975,4504.785,0,8314.68,0.2215,0,0.931,237.9,0.879
22734933,701440707,1.75E+12,LP,16/06/2025,21:00:00,0.1993,4504.735,0,8314.68,0.225,0,0.929,242.1001,0.874
22734933,701440707,1.75E+12,LP,16/06/2025,20:45:00,0.1998,4504.686,0,8314.68,0.2254,0,0.926,243.2001,0.905
22734933,701440707,1.75E+12,LP,16/06/2025,20:30:00,0.1998,4504.636,0,8314.68,0.2254,0,0.929,242.4,0.907
22734933,701440707,1.75E+12,LP,16/06/2025,20:15:00,0.1998,4504.586,0,8314.68,0.225,0,0.932,241.3,0.875
22734933,701440707,1.75E+12,LP,16/06/2025,20:00:00,2.1109,4504.536,0,8314.68,2.129,0,9.051,237.4,0.861
22734933,701440707,1.75E+12,LP,16/06/2025,19:45:00,3.258,4504.0071,0,8314.68,3.2734,0,13.861,236.1001,0.995
22734933,701440707,1.75E+12,LP,16/06/2025,19:30:00,3.2534,4503.193,0,8314.68,3.2652,0,13.8731,235.3,0.995
22734933,701440707,1.75E+12,LP,16/06/2025,19:15:00,1.5684,4502.38,0,8314.68,1.5847,0,6.695,239.9,0.985
22734933,701440707,1.75E+12,LP,16/06/2025,19:00:00,0.0164,4501.986,0,8314.68,0.0303,0,0.125,240.9,0.542
22734933,701440707,1.75E+12,LP,16/06/2025,18:45:00,0.0328,4501.982,0,8314.68,0.2312,0,0.965,239.6001,0.546
22734933,701440707,1.75E+12,LP,16/06/2025,18:30:00,0.0293,4501.974,0,8314.68,0.2702,0,1.1261,240,0.134
22734933,701440707,1.75E+12,LP,16/06/2025,18:15:00,0.011,4501.966,0,8314.68,0.261,0,1.099,237.3,0.04
22734933,701440707,1.75E+12,LP,16/06/2025,18:00:00,0.0015,4501.964,0.0175,8314.68,0.0698,0.1993,1.109,242.6001,0.033
22734933,701440707,1.75E+12,LP,16/06/2025,17:45:00,0.002,4501.964,0.0907,8314.677,0.061,0.2164,1.149,241.2001,0.0181
22734933,701440707,1.75E+12,LP,16/06/2025,17:30:00,0,4501.964,0.109,8314.654,0,0.2735,1.1401,239.9,-0.445
22734933,701440707,1.75E+12,LP,16/06/2025,17:15:00,0,4501.964,0.0787,8314.627,0,0.2666,1.108,240.5,-0.346
22734933,701440707,1.75E+12,LP,16/06/2025,17:00:00,0,4501.964,0.0932,8314.607,0,0.2675,1.119,238.9,-0.292
22734933,701440707,1.75E+12,LP,16/06/2025,16:45:00,0,4501.964,0.1059,8314.584,0,0.2695,1.1301,238.5,-0.432
22734933,701440707,1.75E+12,LP,16/06/2025,16:30:00,0,4501.964,0.0475,8314.557,0.0004,0.2634,1.096,240.4,-0.317
22734933,701440707,1.75E+12,LP,16/06/2025,16:15:00,0.0007,4501.964,0.1695,8314.545,0.039,0.3065,1.443,239.1001,-0.12
22734933,701440707,1.75E+12,LP,16/06/2025,16:00:00,0,4501.964,0.7119,8314.503,0,0.7374,3.0421,242.2001,-0.934
22734933,701440707,1.75E+12,LP,16/06/2025,15:45:00,0,4501.964,1.2214,8314.325,0,1.2334,5.043,243.9,-0.966
22734933,701440707,1.75E+12,LP,16/06/2025,15:30:00,0,4501.964,2.1859,8314.021,0,2.1899,8.921,245.4,-0.997
22734933,701440707,1.75E+12,LP,16/06/2025,15:15:00,0.0005,4501.964,2.3016,8313.475,0.0032,2.3155,9.438,245,-0.997
22734933,701440707,1.75E+12,LP,16/06/2025,15:00:00,0.001,4501.964,3.048,8312.899,0.0019,3.0493,12.227,249.1001,0.549
22734933,701440707,1.75E+12,LP,16/06/2025,14:45:00,0,4501.964,2.6444,8312.137,0,2.6499,10.698,247.4,-0.997
22734933,701440707,1.75E+12,LP,16/06/2025,14:30:00,0.0016,4501.964,2.7841,8311.475,0.005,2.7968,11.207,248.8,-0.983
22734933,701440707,1.75E+12,LP,16/06/2025,14:15:00,0.0018,4501.964,2.072,8310.78,0.005,2.0886,8.317,249.9,-0.984
22734933,701440707,1.75E+12,LP,16/06/2025,14:00:00,0.0016,4501.963,2.6392,8310.261,0.005,2.6509,10.619,249.1001,-0.983
22734933,701440707,1.75E+12,LP,16/06/2025,13:45:00,0,4501.963,1.1628,8309.6031,0,1.1812,4.893,239.3,-0.996
22734933,701440707,1.75E+12,LP,16/06/2025,13:30:00,0,4501.963,1.825,8309.312,0,1.8324,7.48,242.7001,-0.972
22734933,701440707,1.75E+12,LP,16/06/2025,13:15:00,0.1042,4501.963,1.5533,8308.857,0.146,1.6121,7.0521,246.4,-0.993
22734933,701440707,1.75E+12,LP,16/06/2025,13:00:00,0.2187,4501.941,1.3022,8308.4691,0.2891,1.3359,6.566,244.6001,0.782
22734933,701440707,1.75E+12,LP,16/06/2025,12:45:00,0,4501.889,2.4024,8308.1481,0,2.4079,9.755,246.6001,-1
22734933,701440707,1.75E+12,LP,16/06/2025,12:30:00,0.0035,4501.889,1.289,8307.547,0.0103,1.3127,5.28,249.5,-0.996
22734933,701440707,1.75E+12,LP,16/06/2025,12:15:00,0,4501.889,2.1139,8307.225,0,2.1365,8.576,247.1001,-0.995
22734933,701440707,1.75E+12,LP,16/06/2025,12:00:00,0,4501.889,1.2034,8306.696,0,1.227,5.022,243.4,-0.687
22734933,701440707,1.75E+12,LP,16/06/2025,11:45:00,0,4501.889,1.2342,8306.396,0,1.2519,5.135,242.4,-0.999
22734933,701440707,1.75E+12,LP,16/06/2025,11:30:00,0,4501.889,0.8216,8306.087,0,0.8415,3.5061,239.8,-0.975
22734933,701440707,1.75E+12,LP,16/06/2025,11:15:00,0,4501.889,1.0336,8305.881,0,1.0465,4.344,240.8,-0.984
22734933,701440707,1.75E+12,LP,16/06/2025,11:00:00,0,4501.889,1.7609,8305.623,0,1.7674,7.211,244.9,-1
22734933,701440707,1.75E+12,LP,16/06/2025,10:45:00,0,4501.889,1.0716,8305.183,0,1.0856,4.588,236.2001,-0.993
22734933,701440707,1.75E+12,LP,16/06/2025,10:30:00,0,4501.889,1.996,8304.915,0,2.0082,8.222,242.2001,-0.999
22734933,701440707,1.75E+12,LP,16/06/2025,10:15:00,0,4501.889,2.733,8304.4161,0,2.7368,11.069,246,-0.999
22734933,701440707,1.75E+12,LP,16/06/2025,10:00:00,0.7155,4501.889,1.012,8303.734,0.743,1.0145,7.245,242,-0.997
22734933,701440707,1.75E+12,LP,16/06/2025,09:45:00,1.7864,4501.71,0,8303.481,1.8299,0,7.756,236,0.92
22734933,701440707,1.75E+12,LP,16/06/2025,09:30:00,0.7858,4501.264,0.5339,8303.481,0.804,0.5424,5.664,238.4,0.973
22734933,701440707,1.75E+12,LP,16/06/2025,09:15:00,0,4501.067,1.1943,8303.348,0,1.2042,5.053,238,-0.982
22734933,701440707,1.75E+12,LP,16/06/2025,09:00:00,0,4501.067,0.9158,8303.05,0,0.931,3.935,236.5,-0.993
22734933,701440707,1.75E+12,LP,16/06/2025,08:45:00,0,4501.067,0.6991,8302.821,0,0.7229,3.057,236.3,-0.976
22734933,701440707,1.75E+12,LP,16/06/2025,08:30:00,0,4501.067,0.8272,8302.646,0,0.8465,3.601,235,-0.965
22734933,701440707,1.75E+12,LP,16/06/2025,08:15:00,0,4501.067,1.1363,8302.439,0,1.1462,4.844,236.5,-0.995
22734933,701440707,1.75E+12,LP,16/06/2025,08:00:00,0,4501.067,0.844,8302.155,0,0.8617,3.661,235.1001,-0.985
22734933,701440707,1.75E+12,LP,16/06/2025,07:45:00,0,4501.067,0.6165,8301.944,0,0.647,2.763,234.2001,-0.976
22734933,701440707,1.75E+12,LP,16/06/2025,07:30:00,0,4501.067,0.7526,8301.79,0,0.775,3.237,239,-0.91
22734933,701440707,1.75E+12,LP,16/06/2025,07:15:00,0,4501.067,0.4395,8301.602,0,0.4933,2.0421,241.4,-0.96
22734933,701440707,1.75E+12,LP,16/06/2025,07:00:00,0.0625,4501.067,0.1637,8301.492,0.063,0.2846,1.45,240.1001,-0.774
22734933,701440707,1.75E+12,LP,16/06/2025,06:45:00,0.2139,4501.054,0.0554,8301.453,0.2202,0.2143,1.824,238.7001,-0.393
22734933,701440707,1.75E+12,LP,16/06/2025,06:30:00,0,4501.004,0.0497,8301.443,0,0.2729,1.121,243.4,-0.251
22734933,701440707,1.75E+12,LP,16/06/2025,06:15:00,0.0303,4501.004,0,8301.431,0.1501,0.0027,0.633,242,-0.01
22734933,701440707,1.75E+12,LP,16/06/2025,06:00:00,0.0451,4500.996,0,8301.431,0.0515,0,0.214,240.4,0.893
22734933,701440707,1.75E+12,LP,16/06/2025,05:45:00,0.0449,4500.985,0,8301.431,0.0514,0,0.215,238.1001,0.885
22734933,701440707,1.75E+12,LP,16/06/2025,05:30:00,0.045,4500.974,0,8301.431,0.0516,0,0.215,239.7001,0.886
22734933,701440707,1.75E+12,LP,16/06/2025,05:15:00,0.0451,4500.962,0,8301.431,0.051,0,0.211,240.7001,0.867
22734933,701440707,1.75E+12,LP,16/06/2025,05:00:00,0.0453,4500.951,0,8301.431,0.0511,0,0.211,241.8,0.862
22734933,701440707,1.75E+12,LP,16/06/2025,04:45:00,0.045,4500.9401,0,8301.431,0.051,0,0.212,239.9,0.875
22734933,701440707,1.75E+12,LP,16/06/2025,04:30:00,0.0453,4500.929,0,8301.431,0.0511,0,0.211,241.5,0.891
22734933,701440707,1.75E+12,LP,16/06/2025,04:15:00,0.0454,4500.917,0,8301.431,0.0511,0,0.21,242.6001,0.884
22734933,701440707,1.75E+12,LP,16/06/2025,04:00:00,0.0455,4500.906,0,8301.431,0.0516,0,0.212,242.9,0.882
22734933,701440707,1.75E+12,LP,16/06/2025,03:45:00,0.0454,4500.894,0,8301.431,0.0515,0,0.211,243.2001,0.887
22734933,701440707,1.75E+12,LP,16/06/2025,03:30:00,0.0451,4500.883,0,8301.431,0.0511,0,0.211,241.6001,0.872
22734933,701440707,1.75E+12,LP,16/06/2025,03:15:00,0.0451,4500.872,0,8301.431,0.0511,0,0.211,241.7001,0.888
22734933,701440707,1.75E+12,LP,16/06/2025,03:00:00,0.0451,4500.861,0,8301.431,0.051,0,0.211,241.3,0.867
22734933,701440707,1.75E+12,LP,16/06/2025,02:45:00,0.045,4500.849,0,8301.431,0.0506,0,0.21,240.6001,0.895
22734933,701440707,1.75E+12,LP,16/06/2025,02:30:00,0.0453,4500.838,0,8301.431,0.051,0,0.21,241.8,0.873
22734933,701440707,1.75E+12,LP,16/06/2025,02:15:00,0.0453,4500.827,0,8301.431,0.0509,0,0.211,241,0.885
22734933,701440707,1.75E+12,LP,16/06/2025,02:00:00,0.0453,4500.8151,0,8301.431,0.0509,0,0.21,241.1001,0.898
22734933,701440707,1.75E+12,LP,16/06/2025,01:45:00,0.0451,4500.804,0,8301.431,0.0509,0,0.21,241.2001,0.91
22734933,701440707,1.75E+12,LP,16/06/2025,01:30:00,0.045,4500.793,0,8301.431,0.0506,0,0.211,240,0.891
22734933,701440707,1.75E+12,LP,16/06/2025,01:15:00,0.045,4500.781,0,8301.431,0.0507,0,0.212,239.2001,0.891
22734933,701440707,1.75E+12,LP,16/06/2025,01:00:00,0.045,4500.77,0,8301.431,0.0512,0,0.215,238.5,0.906
22734933,701440707,1.75E+12,LP,16/06/2025,00:45:00,0.0451,4500.759,0,8301.431,0.0516,0,0.214,239.8,0.877
22734933,701440707,1.75E+12,LP,16/06/2025,00:30:00,0.0453,4500.7481,0,8301.431,0.0512,0,0.213,240.5,0.875
22734933,701440707,1.75E+12,LP,16/06/2025,00:15:00,0.0453,4500.736,0,8301.431,0.0515,0,0.213,241.5,0.892
22734933,701440707,1.75E+12,LP,16/06/2025,00:00:00,0.0454,4500.725,0,8301.431,0.0515,0,0.212,242.2001,0.876
22734933,701440707,1.75E+12,LP,15/06/2025,23:45:00,0.0453,4500.714,0,8301.431,0.0521,0,0.215,241.8,0.865
22734933,701440707,1.75E+12,LP,15/06/2025,23:30:00,0.0453,4500.702,0,8301.431,0.0525,0,0.217,241.8,0.879
22734933,701440707,1.75E+12,LP,15/06/2025,23:15:00,0.0454,4500.691,0,8301.431,0.0529,0,0.217,242.9,0.856
22734933,701440707,1.75E+12,LP,15/06/2025,23:00:00,0.0453,4500.68,0,8301.431,0.0528,0,0.217,242.7001,0.865
22734933,701440707,1.75E+12,LP,15/06/2025,22:45:00,0.0451,4500.668,0,8301.431,0.0526,0,0.217,242.2001,0.84
22734933,701440707,1.75E+12,LP,15/06/2025,22:30:00,0.1653,4500.657,0,8301.431,0.1889,0,0.789,240.5,0.863
22734933,701440707,1.75E+12,LP,15/06/2025,22:15:00,0.0415,4500.616,0,8301.431,0.0585,0,0.245,239.4,0.538
22734933,701440707,1.75E+12,LP,15/06/2025,22:00:00,0.1982,4500.6051,0,8301.431,0.2217,0,0.934,237.1001,0.906
22734933,701440707,1.75E+12,LP,15/06/2025,21:45:00,0.1983,4500.5561,0,8301.431,0.222,0,0.934,237.5,0.877
22734933,701440707,1.75E+12,LP,15/06/2025,21:30:00,0.1985,4500.506,0,8301.431,0.223,0,0.931,239.6001,0.893
22734933,701440707,1.75E+12,LP,15/06/2025,21:15:00,0.1985,4500.457,0,8301.431,0.2227,0,0.929,239.7001,0.864
22734933,701440707,1.75E+12,LP,15/06/2025,21:00:00,0.1983,4500.407,0,8301.431,0.2224,0,0.934,238,0.905
22734933,701440707,1.75E+12,LP,15/06/2025,20:45:00,1.7888,4500.357,0,8301.431,1.8087,0,7.6291,237,0.915
22734933,701440707,1.75E+12,LP,15/06/2025,20:30:00,3.4567,4499.912,0,8301.431,3.4756,0,14.795,234.9,0.993
22734933,701440707,1.75E+12,LP,15/06/2025,20:15:00,3.4655,4499.048,0,8301.431,3.4853,0,14.795,235.5,0.982
22734933,701440707,1.75E+12,LP,15/06/2025,20:00:00,3.3186,4498.182,0,8301.431,3.3325,0,14.105,236.2001,0.994
22734933,701440707,1.75E+12,LP,15/06/2025,19:45:00,2.1869,4497.352,0,8301.431,2.2044,0,9.33,237.8,0.994
22734933,701440707,1.75E+12,LP,15/06/2025,19:30:00,0.019,4496.804,0,8301.431,0.0352,0,0.146,240.5,0.54
22734933,701440707,1.75E+12,LP,15/06/2025,19:15:00,0.019,4496.799,0,8301.431,0.0351,0,0.146,239.7001,0.54
22734933,701440707,1.75E+12,LP,15/06/2025,19:00:00,0.0188,4496.794,0,8301.431,0.0349,0,0.146,238.8,0.538
22734933,701440707,1.75E+12,LP,15/06/2025,18:45:00,0.0359,4496.789,0,8301.431,0.2474,0,1.044,236.9,0.54
22734933,701440707,1.75E+12,LP,15/06/2025,18:30:00,0.0307,4496.78,0,8301.431,0.2695,0,1.131,238.2001,0.14
22734933,701440707,1.75E+12,LP,15/06/2025,18:15:00,0.0022,4496.773,0.0079,8301.431,0.1123,0.1479,1.095,237.4,0.055
22734933,701440707,1.75E+12,LP,15/06/2025,18:00:00,0,4496.773,0.0752,8301.429,0,0.2691,1.125,239,-0.112
22734933,701440707,1.75E+12,LP,15/06/2025,17:45:00,0,4496.773,0.1942,8301.41,0,0.3108,1.303,238.6001,-0.438
22734933,701440707,1.75E+12,LP,15/06/2025,17:30:00,0,4496.773,0.3324,8301.3621,0,0.4008,1.675,239.2001,-0.768
22734933,701440707,1.75E+12,LP,15/06/2025,17:15:00,0,4496.773,0.3155,8301.278,0,0.3869,1.6261,237.8,-0.831
22734933,701440707,1.75E+12,LP,15/06/2025,17:00:00,0,4496.773,0.389,8301.2,0,0.4455,1.868,238.4,-0.807
22734933,701440707,1.75E+12,LP,15/06/2025,16:45:00,0,4496.773,0.4551,8301.102,0,0.5015,2.096,239.2001,-0.908
22734933,701440707,1.75E+12,LP,15/06/2025,16:30:00,0,4496.773,0.5745,8300.989,0,0.6083,2.5381,239.6001,-0.916
22734933,701440707,1.75E+12,LP,15/06/2025,16:15:00,0,4496.773,0.588,8300.845,0,0.6205,2.588,239.6001,-0.961
22734933,701440707,1.75E+12,LP,15/06/2025,16:00:00,0,4496.773,0.9155,8300.698,0,0.9311,3.876,240.1001,-0.964
22734933,701440707,1.75E+12,LP,15/06/2025,15:45:00,0,4496.773,0.9018,8300.4691,0,0.9185,3.8001,241.6001,-0.985
22734933,701440707,1.75E+12,LP,15/06/2025,15:30:00,0,4496.773,1.0582,8300.244,0,1.0703,4.433,241.3,-0.986
22734933,701440707,1.75E+12,LP,15/06/2025,15:15:00,0,4496.773,1.7684,8299.979,0,1.7748,7.235,245.3,-0.993
22734933,701440707,1.75E+12,LP,15/06/2025,15:00:00,0,4496.773,1.4937,8299.537,0,1.5031,6.117,245,-0.994
22734933,701440707,1.75E+12,LP,15/06/2025,14:45:00,0,4496.773,0.935,8299.164,0,0.9532,3.96,240.3,-0.99
22734933,701440707,1.75E+12,LP,15/06/2025,14:30:00,1.1253,4496.773,0.0874,8298.93,1.1617,0.1142,5.522,232.6001,-0.885
22734933,701440707,1.75E+12,LP,15/06/2025,14:15:00,0.2262,4496.493,0.4615,8298.911,0.28,0.5606,3.46,242.3,0.9511
22734933,701440707,1.75E+12,LP,15/06/2025,14:00:00,0.0128,4496.439,1.4077,8298.799,0.031,1.468,5.995,247.7001,-0.714
22734933,701440707,1.75E+12,LP,15/06/2025,13:45:00,0.0018,4496.437,2.3713,8298.448,0.0055,2.382,9.582,248.2001,-0.999
22734933,701440707,1.75E+12,LP,15/06/2025,13:30:00,0,4496.437,3.0253,8297.856,0,3.0307,12.164,249,-0.999
22734933,701440707,1.75E+12,LP,15/06/2025,13:15:00,0,4496.437,2.8894,8297.1,0,2.8938,11.706,247,-0.999
22734933,701440707,1.75E+12,LP,15/06/2025,13:00:00,0.0016,4496.437,2.3208,8296.378,0.0049,2.3341,9.356,248.3,-0.995
22734933,701440707,1.75E+12,LP,15/06/2025,12:45:00,0.0019,4496.437,2.4153,8295.798,0.0054,2.4285,9.735,249,-0.997
22734933,701440707,1.75E+12,LP,15/06/2025,12:30:00,0.0018,4496.437,2.4415,8295.196,0.0063,2.4523,9.84,248.9,-0.997
22734933,701440707,1.75E+12,LP,15/06/2025,12:15:00,0.004,4496.437,2.101,8294.586,0.0097,2.1133,8.426,250.2001,-0.998
22734933,701440707,1.75E+12,LP,15/06/2025,12:00:00,0.0018,4496.436,2.1661,8294.061,0.0054,2.1796,8.724,249.6001,-0.998
22734933,701440707,1.75E+12,LP,15/06/2025,11:45:00,0,4496.436,2.5301,8293.52,0,2.5362,10.173,248.9,-0.996
22734933,701440707,1.75E+12,LP,15/06/2025,11:30:00,0.0018,4496.436,2.5575,8292.887,0.0055,2.5665,10.284,249.2001,-0.98
22734933,701440707,1.75E+12,LP,15/06/2025,11:15:00,0,4496.436,2.7389,8292.25,0,2.7435,11.0431,248.3,-0.999
22734933,701440707,1.75E+12,LP,15/06/2025,11:00:00,0.7533,4496.436,0.4103,8291.565,0.8388,0.4118,5.16,241.8,-0.998
22734933,701440707,1.75E+12,LP,15/06/2025,10:45:00,0.5749,4496.2481,0.0142,8291.463,0.6921,0.061,3.094,243.7001,0.671
22734933,701440707,1.75E+12,LP,15/06/2025,10:30:00,0.5709,4496.107,1.4335,8291.461,0.5876,1.4457,8.177,248.3,0.9511
22734933,701440707,1.75E+12,LP,15/06/2025,10:15:00,0.0043,4495.965,1.9087,8291.1031,0.0109,1.9224,7.683,249.5,-0.327
22734933,701440707,1.75E+12,LP,15/06/2025,10:00:00,0.0032,4495.964,2.1089,8290.628,0.0082,2.1149,8.437,249.8,0.1031
22734933,701440707,1.75E+12,LP,15/06/2025,09:45:00,0,4495.964,2.5764,8290.101,0,2.5817,10.356,248.8,-0.998
22734933,701440707,1.75E+12,LP,15/06/2025,09:30:00,0,4495.964,2.2153,8289.457,0,2.2205,9.055,245.1001,-0.996
22734933,701440707,1.75E+12,LP,15/06/2025,09:15:00,0,4495.964,2.7374,8288.904,0,2.742,11.0561,247.7001,-0.999
22734933,701440707,1.75E+12,LP,15/06/2025,09:00:00,0,4495.964,2.4954,8288.22,0,2.5,10.119,246.7001,-0.994
22734933,701440707,1.75E+12,LP,15/06/2025,08:45:00,0,4495.964,1.3407,8287.596,0,1.3509,5.554,243,-0.999
22734933,701440707,1.75E+12,LP,15/06/2025,08:30:00,0,4495.964,0.9381,8287.26,0,0.9525,3.954,240.8,-0.983
22734933,701440707,1.75E+12,LP,15/06/2025,08:15:00,0,4495.964,1.4235,8287.026,0,1.4315,5.857,244.2001,-0.99
22734933,701440707,1.75E+12,LP,15/06/2025,08:00:00,0,4495.964,1.1618,8286.67,0,1.1724,4.852,241.5,-0.995
22734933,701440707,1.75E+12,LP,15/06/2025,07:45:00,0,4495.964,0.5635,8286.3801,0,0.6037,2.5141,240.1001,-0.984
22734933,701440707,1.75E+12,LP,15/06/2025,07:30:00,0,4495.964,0.2264,8286.239,0,0.3306,1.364,242.3,-0.756
22734933,701440707,1.75E+12,LP,15/06/2025,07:15:00,0,4495.964,0.2137,8286.182,0,0.3249,1.34,242.4,-0.613
22734933,701440707,1.75E+12,LP,15/06/2025,07:00:00,0,4495.964,0.2066,8286.129,0,0.3182,1.315,241.8,-0.62
22734933,701440707,1.75E+12,LP,15/06/2025,06:45:00,0,4495.964,0.0555,8286.077,0,0.2666,1.104,241.5,-0.337
22734933,701440707,1.75E+12,LP,15/06/2025,06:30:00,0.0093,4495.964,0.0152,8286.063,0.1133,0.1436,1.068,240.4,-0.208
22734933,701440707,1.75E+12,LP,15/06/2025,06:15:00,0.041,4495.962,0,8286.06,0.1214,0,0.5,242.1001,0.123
22734933,701440707,1.75E+12,LP,15/06/2025,06:00:00,0.0454,4495.952,0,8286.06,0.0514,0,0.212,241.1001,0.897
22734933,701440707,1.75E+12,LP,15/06/2025,05:45:00,0.0454,4495.941,0,8286.06,0.0516,0,0.213,241.2001,0.887
22734933,701440707,1.75E+12,LP,15/06/2025,05:30:00,0.0454,4495.929,0,8286.06,0.0516,0,0.214,240.8,0.885
22734933,701440707,1.75E+12,LP,15/06/2025,05:15:00,0.0453,4495.918,0,8286.06,0.0515,0,0.213,240.7001,0.869
22734933,701440707,1.75E+12,LP,15/06/2025,05:00:00,0.0454,4495.907,0,8286.06,0.0511,0,0.212,241,0.901
22734933,701440707,1.75E+12,LP,15/06/2025,04:45:00,0.0453,4495.895,0,8286.06,0.0511,0,0.212,240.8,0.897
22734933,701440707,1.75E+12,LP,15/06/2025,04:30:00,0.0453,4495.884,0,8286.06,0.0512,0,0.213,240.1001,0.887
22734933,701440707,1.75E+12,LP,15/06/2025,04:15:00,0.0451,4495.8731,0,8286.06,0.0514,0,0.214,240.1001,0.868
22734933,701440707,1.75E+12,LP,15/06/2025,04:00:00,0.0453,4495.861,0,8286.06,0.0516,0,0.214,240.5,0.894
22734933,701440707,1.75E+12,LP,15/06/2025,03:45:00,0.0454,4495.85,0,8286.06,0.0515,0,0.213,240.9,0.895
22734933,701440707,1.75E+12,LP,15/06/2025,03:30:00,0.0453,4495.839,0,8286.06,0.0516,0,0.214,240.4,0.873
22734933,701440707,1.75E+12,LP,15/06/2025,03:15:00,0.0454,4495.827,0,8286.06,0.0515,0,0.213,240.6001,0.86
22734933,701440707,1.75E+12,LP,15/06/2025,03:00:00,0.0455,4495.816,0,8286.06,0.0516,0,0.212,242.9,0.894
22734933,701440707,1.75E+12,LP,15/06/2025,02:45:00,0.0455,4495.805,0,8286.06,0.052,0,0.213,243.1001,0.87
22734933,701440707,1.75E+12,LP,15/06/2025,02:30:00,0.0455,4495.793,0,8286.06,0.0516,0,0.213,242.5,0.857
22734933,701440707,1.75E+12,LP,15/06/2025,02:15:00,0.0454,4495.782,0,8286.06,0.0517,0,0.214,241.7001,0.863
22734933,701440707,1.75E+12,LP,15/06/2025,02:00:00,0.0451,4495.77,0,8286.06,0.0516,0,0.213,241.1001,0.887
22734933,701440707,1.75E+12,LP,15/06/2025,01:45:00,0.0451,4495.759,0,8286.06,0.0514,0,0.214,240,0.879
22734933,701440707,1.75E+12,LP,15/06/2025,01:30:00,0.0451,4495.7481,0,8286.06,0.0519,0,0.216,239.6001,0.872
22734933,701440707,1.75E+12,LP,15/06/2025,01:15:00,0.0454,4495.737,0,8286.06,0.0521,0,0.215,241.5,0.874
22734933,701440707,1.75E+12,LP,15/06/2025,01:00:00,0.0455,4495.725,0,8286.06,0.0517,0,0.211,244.6001,0.882
22734933,701440707,1.75E+12,LP,15/06/2025,00:45:00,0.0455,4495.714,0,8286.06,0.0517,0,0.212,243.1001,0.9
22734933,701440707,1.75E+12,LP,15/06/2025,00:30:00,0.0455,4495.702,0,8286.06,0.0517,0,0.213,242.9,0.875
22734933,701440707,1.75E+12,LP,15/06/2025,00:15:00,0.0455,4495.691,0,8286.06,0.0524,0,0.215,243.3,0.897
22734933,701440707,1.75E+12,LP,15/06/2025,00:00:00,0.0455,4495.68,0,8286.06,0.0528,0,0.217,242.9,0.864
22734933,701440707,1.75E+12,LP,14/06/2025,23:45:00,0.0454,4495.668,0,8286.06,0.053,0,0.219,241.9,0.843
22734933,701440707,1.75E+12,LP,14/06/2025,23:30:00,0.0454,4495.657,0,8286.06,0.0521,0,0.216,241.1001,0.86
22734933,701440707,1.75E+12,LP,14/06/2025,23:15:00,0.0451,4495.646,0,8286.06,0.0526,0,0.219,239.4,0.85
22734933,701440707,1.75E+12,LP,14/06/2025,23:00:00,0.0453,4495.634,0,8286.06,0.0525,0,0.218,240.8,0.87
22734933,701440707,1.75E+12,LP,14/06/2025,22:45:00,0.0454,4495.6231,0,8286.06,0.0525,0,0.217,241.1001,0.862
22734933,701440707,1.75E+12,LP,14/06/2025,22:30:00,0.0454,4495.612,0,8286.06,0.0525,0,0.217,241.2001,0.872
22734933,701440707,1.75E+12,LP,14/06/2025,22:15:00,0.0451,4495.6,0,8286.06,0.0526,0,0.219,240,0.846
22734933,701440707,1.75E+12,LP,14/06/2025,22:00:00,0.045,4495.589,0,8286.06,0.0521,0,0.217,239.3,0.843
22734933,701440707,1.75E+12,LP,14/06/2025,21:45:00,0.2905,4495.578,0,8286.06,0.3092,0,1.304,237.5,0.877
22734933,701440707,1.75E+12,LP,14/06/2025,21:30:00,0.1975,4495.505,0,8286.06,0.2217,0,0.929,238.6001,0.889
22734933,701440707,1.75E+12,LP,14/06/2025,21:15:00,0.1973,4495.455,0,8286.06,0.2203,0,0.929,237,0.915
22734933,701440707,1.75E+12,LP,14/06/2025,21:00:00,0.1965,4495.406,0,8286.06,0.2179,0,0.929,234.4,0.906
22734933,701440707,1.75E+12,LP,14/06/2025,20:45:00,0.1965,4495.357,0,8286.06,0.2184,0,0.93,234.7001,0.893
22734933,701440707,1.75E+12,LP,14/06/2025,20:30:00,0.1965,4495.308,0,8286.06,0.2179,0,0.931,234,0.913
22734933,701440707,1.75E+12,LP,14/06/2025,20:15:00,0.1968,4495.259,0,8286.06,0.2192,0,0.932,234.9,0.889
22734933,701440707,1.75E+12,LP,14/06/2025,20:00:00,0.1983,4495.209,0,8286.06,0.2229,0,0.93,239.6001,0.874
22734933,701440707,1.75E+12,LP,14/06/2025,19:45:00,0.1983,4495.16,0,8286.06,0.2217,0,0.93,238.3,0.915
22734933,701440707,1.75E+12,LP,14/06/2025,19:30:00,0.1988,4495.11,0,8286.06,0.2234,0,0.932,239.5,0.875
22734933,701440707,1.75E+12,LP,14/06/2025,19:15:00,1.1769,4495.061,0,8286.06,1.196,0,5.095,237.4,0.872
22734933,701440707,1.75E+12,LP,14/06/2025,19:00:00,3.1993,4494.768,0,8286.06,3.2125,0,13.8891,231.2001,0.993
22734933,701440707,1.75E+12,LP,14/06/2025,18:45:00,3.222,4493.968,0,8286.06,3.2513,0,14,232.2001,0.995
22734933,701440707,1.75E+12,LP,14/06/2025,18:30:00,1.5624,4493.1631,0,8286.06,1.7137,0,7.321,238,0.987
22734933,701440707,1.75E+12,LP,14/06/2025,18:15:00,0.0037,4492.772,0.0029,8286.06,0.1528,0.116,1.117,240.5,0.05
22734933,701440707,1.75E+12,LP,14/06/2025,18:00:00,0.0001,4492.772,0.0192,8286.06,0.0381,0.2295,1.111,240.7001,0.007
22734933,701440707,1.75E+12,LP,14/06/2025,17:45:00,0,4492.772,0.1197,8286.055,0,0.2847,1.183,240.6001,-0.133
22734933,701440707,1.75E+12,LP,14/06/2025,17:30:00,0,4492.772,0.193,8286.025,0,0.312,1.294,240.9,-0.671
22734933,701440707,1.75E+12,LP,14/06/2025,17:15:00,1.5242,4492.772,0.0706,8285.977,1.54,0.1411,7.143,237.6001,-0.678
22734933,701440707,1.75E+12,LP,14/06/2025,17:00:00,2.8318,4492.3911,0,8285.9601,2.8703,0,12.225,234.7001,0.987
22734933,701440707,1.75E+12,LP,14/06/2025,16:45:00,1.6369,4491.684,0.133,8285.9601,1.6601,0.1683,7.774,237.2001,0.977
22734933,701440707,1.75E+12,LP,14/06/2025,16:30:00,0,4491.274,0.2923,8285.927,0,0.3703,1.551,238.7001,-0.82
22734933,701440707,1.75E+12,LP,14/06/2025,16:15:00,0,4491.274,0.2577,8285.854,0,0.3463,1.455,237.8,-0.755
22734933,701440707,1.75E+12,LP,14/06/2025,16:00:00,0,4491.274,0.3588,8285.789,0,0.4227,1.76,240,-0.75
22734933,701440707,1.75E+12,LP,14/06/2025,15:45:00,0,4491.274,0.3376,8285.699,0,0.4417,1.828,239.8,-0.767
22734933,701440707,1.75E+12,LP,14/06/2025,15:30:00,0.2049,4491.274,1.45,8285.615,0.2173,1.4557,6.7941,245.9,-0.996
22734933,701440707,1.75E+12,LP,14/06/2025,15:15:00,1.1077,4491.223,0.0465,8285.253,1.1708,0.0673,5.104,243.1001,1
22734933,701440707,1.75E+12,LP,14/06/2025,15:00:00,1.4708,4490.946,0.0624,8285.242,1.5322,0.0844,6.644,244.1001,-0.418
22734933,701440707,1.75E+12,LP,14/06/2025,14:45:00,0.0077,4490.579,1.2477,8285.227,0.017,1.3073,5.289,246.5,0.788
22734933,701440707,1.75E+12,LP,14/06/2025,14:30:00,0.0022,4490.578,1.7208,8284.9161,0.0054,1.737,7.078,244.4,-0.914
22734933,701440707,1.75E+12,LP,14/06/2025,14:15:00,0,4490.578,3.2467,8284.4871,0,3.2522,13.078,247.7001,-0.981
22734933,701440707,1.75E+12,LP,14/06/2025,14:00:00,0.0016,4490.578,2.2096,8283.675,0.0055,2.222,8.914,248.6001,-0.995
22734933,701440707,1.75E+12,LP,14/06/2025,13:45:00,0,4490.578,2.0952,8283.123,0,2.1013,8.535,246,-0.996
22734933,701440707,1.75E+12,LP,14/06/2025,13:30:00,0,4490.578,1.934,8282.599,0,1.9406,7.767,249.4,-0.999
22734933,701440707,1.75E+12,LP,14/06/2025,13:15:00,0,4490.578,1.6215,8282.115,0,1.6284,6.555,248.3,-0.995
22734933,701440707,1.75E+12,LP,14/06/2025,13:00:00,0,4490.578,1.2872,8281.7101,0,1.2972,5.266,246.1001,-0.995
22734933,701440707,1.75E+12,LP,14/06/2025,12:45:00,0,4490.578,1.2699,8281.388,0,1.279,5.258,243.2001,-0.995
22734933,701440707,1.75E+12,LP,14/06/2025,12:30:00,0,4490.578,1.3125,8281.07,0,1.321,5.4511,242.2001,-0.993
22734933,701440707,1.75E+12,LP,14/06/2025,12:15:00,0,4490.578,2.1617,8280.742,0,2.1661,8.781,246.2001,-0.993
22734933,701440707,1.75E+12,LP,14/06/2025,12:00:00,0,4490.578,2.2995,8280.202,0,2.3056,9.342,246.5,-0.999
22734933,701440707,1.75E+12,LP,14/06/2025,11:45:00,0,4490.578,1.7442,8279.627,0,1.7507,7.1561,244.6001,-0.995
22734933,701440707,1.75E+12,LP,14/06/2025,11:30:00,0,4490.578,1.0995,8279.191,0,1.1178,4.654,239,-0.998
22734933,701440707,1.75E+12,LP,14/06/2025,11:15:00,0,4490.578,2.7253,8278.9161,0,2.7298,10.988,247.4,-0.973
22734933,701440707,1.75E+12,LP,14/06/2025,11:00:00,0,4490.578,2.5737,8278.235,0,2.5794,10.465,246,-0.982
22734933,701440707,1.75E+12,LP,14/06/2025,10:45:00,0,4490.578,2.5828,8277.591,0,2.5874,10.38,249,-0.994
22734933,701440707,1.75E+12,LP,14/06/2025,10:30:00,0,4490.578,2.2995,8276.945,0,2.3051,9.392,245.3,-0.997
22734933,701440707,1.75E+12,LP,14/06/2025,10:15:00,1.3154,4490.578,0.0529,8276.37,1.3685,0.055,6.003,236.9,-0.996
22734933,701440707,1.75E+12,LP,14/06/2025,10:00:00,1.6977,4490.249,0,8276.357,1.7395,0,7.386,235.5,0.968
22734933,701440707,1.75E+12,LP,14/06/2025,09:45:00,0.2485,4489.825,1.1498,8276.357,0.2555,1.1578,5.902,239.5,0.979
22734933,701440707,1.75E+12,LP,14/06/2025,09:30:00,0,4489.763,2.2711,8276.07,0,2.278,9.304,243.2001,-0.991
22734933,701440707,1.75E+12,LP,14/06/2025,09:15:00,0,4489.763,2.9867,8275.502,0,2.9913,12.148,245.8,-0.999
22734933,701440707,1.75E+12,LP,14/06/2025,09:00:00,0,4489.763,1.7344,8274.756,0,1.742,7.151,242.9,-0.99
22734933,701440707,1.75E+12,LP,14/06/2025,08:45:00,0,4489.763,2.2971,8274.322,0,2.3026,9.439,243.9,-0.999
22734933,701440707,1.75E+12,LP,14/06/2025,08:30:00,0,4489.763,1.6565,8273.748,0,1.6639,6.8981,241.1001,-0.996
22734933,701440707,1.75E+12,LP,14/06/2025,08:15:00,0,4489.763,1.0398,8273.334,0,1.0523,4.354,241.7001,-0.987
22734933,701440707,1.75E+12,LP,14/06/2025,08:00:00,0,4489.763,1.0071,8273.073,0,1.02,4.24,240.7001,-0.986
22734933,701440707,1.75E+12,LP,14/06/2025,07:45:00,0,4489.763,0.9211,8272.821,0,0.9369,3.895,240.4,-0.99
22734933,701440707,1.75E+12,LP,14/06/2025,07:30:00,0,4489.763,0.5381,8272.591,0,0.5799,2.402,241.5,-0.967
22734933,701440707,1.75E+12,LP,14/06/2025,07:15:00,0,4489.763,0.4055,8272.456,0,0.4625,1.9061,242.5,-0.742
22734933,701440707,1.75E+12,LP,14/06/2025,07:00:00,0,4489.763,0.2448,8272.355,0,0.34,1.413,240.3,-0.838
22734933,701440707,1.75E+12,LP,14/06/2025,06:45:00,0,4489.763,0.1503,8272.294,0,0.2902,1.21,239.8,-0.708
22734933,701440707,1.75E+12,LP,14/06/2025,06:30:00,0,4489.763,0.0604,8272.256,0,0.2614,1.091,239.5,-0.279
22734933,701440707,1.75E+12,LP,14/06/2025,06:15:00,0.0159,4489.763,0.0079,8272.241,0.0897,0.0978,0.784,239.1001,-0.169
22734933,701440707,1.75E+12,LP,14/06/2025,06:00:00,0.0449,4489.759,0,8272.24,0.0514,0,0.213,240.4,0.889
22734933,701440707,1.75E+12,LP,14/06/2025,05:45:00,0.045,4489.7481,0,8272.24,0.0515,0,0.213,241.2001,0.884
22734933,701440707,1.75E+12,LP,14/06/2025,05:30:00,0.045,4489.736,0,8272.24,0.0512,0,0.212,241.9,0.885
22734933,701440707,1.75E+12,LP,14/06/2025,05:15:00,0.0451,4489.725,0,8272.24,0.0516,0,0.212,242.4,0.902
22734933,701440707,1.75E+12,LP,14/06/2025,05:00:00,0.2229,4489.714,0,8272.24,0.2393,0,0.995,241.9,0.868
22734933,701440707,1.75E+12,LP,14/06/2025,04:45:00,0.045,4489.658,0,8272.24,0.0512,0,0.212,241.6001,0.866
22734933,701440707,1.75E+12,LP,14/06/2025,04:30:00,0.045,4489.647,0,8272.24,0.0514,0,0.212,242,0.863
22734933,701440707,1.75E+12,LP,14/06/2025,04:15:00,0.0451,4489.635,0,8272.24,0.0511,0,0.21,242.1001,0.882
22734933,701440707,1.75E+12,LP,14/06/2025,04:00:00,0.224,4489.624,0,8272.24,0.2424,0,1.0051,242,0.872
22734933,701440707,1.75E+12,LP,14/06/2025,03:45:00,0.045,4489.568,0,8272.24,0.0506,0,0.209,242.1001,0.892
22734933,701440707,1.75E+12,LP,14/06/2025,03:30:00,0.0451,4489.557,0,8272.24,0.0507,0,0.209,243.1001,0.869
22734933,701440707,1.75E+12,LP,14/06/2025,03:15:00,0.0451,4489.545,0,8272.24,0.0506,0,0.2081,242.9,0.888
22734933,701440707,1.75E+12,LP,14/06/2025,03:00:00,0.233,4489.534,0,8272.24,0.2527,0,1.051,241.3,0.886
22734933,701440707,1.75E+12,LP,14/06/2025,02:45:00,0.045,4489.476,0,8272.24,0.0507,0,0.209,242.1001,0.905
22734933,701440707,1.75E+12,LP,14/06/2025,02:30:00,0.045,4489.464,0,8272.24,0.0509,0,0.21,241.9,0.889
22734933,701440707,1.75E+12,LP,14/06/2025,02:15:00,0.2295,4489.453,0,8272.24,0.2465,0,1.027,241.5,0.897
22734933,701440707,1.75E+12,LP,14/06/2025,02:00:00,0.045,4489.396,0,8272.24,0.0509,0,0.211,240.7001,0.913
22734933,701440707,1.75E+12,LP,14/06/2025,01:45:00,0.045,4489.384,0,8272.24,0.0514,0,0.212,242.1001,0.886
22734933,701440707,1.75E+12,LP,14/06/2025,01:30:00,0.2462,4489.3731,0,8272.24,0.2649,0,1.103,242.1001,0.885
22734933,701440707,1.75E+12,LP,14/06/2025,01:15:00,0.0451,4489.312,0,8272.24,0.0512,0,0.211,242.1001,0.867
22734933,701440707,1.75E+12,LP,14/06/2025,01:00:00,0.2408,4489.301,0,8272.24,0.2614,0,1.09,242,0.896
22734933,701440707,1.75E+12,LP,14/06/2025,00:45:00,0.0449,4489.24,0,8272.24,0.0507,0,0.211,240.2001,0.89
22734933,701440707,1.75E+12,LP,14/06/2025,00:30:00,0.2553,4489.229,0,8272.24,0.274,0,1.1481,239.9,0.874
22734933,701440707,1.75E+12,LP,14/06/2025,00:15:00,0.0449,4489.165,0,8272.24,0.0512,0,0.213,240.6001,0.872
22734933,701440707,1.75E+12,LP,14/06/2025,00:00:00,0.2554,4489.154,0,8272.24,0.2798,0,1.147,245.4,0.867
22734933,701440707,1.75E+12,LP,13/06/2025,23:45:00,0.0453,4489.089,0,8272.24,0.0515,0,0.209,245.3,0.874
22734933,701440707,1.75E+12,LP,13/06/2025,23:30:00,0.2487,4489.078,0,8272.24,0.2697,0,1.11,243.9,0.888
22734933,701440707,1.75E+12,LP,13/06/2025,23:15:00,0.2483,4489.0161,0,8272.24,0.2679,0,1.109,243.8,0.848
22734933,701440707,1.75E+12,LP,13/06/2025,23:00:00,0.055,4488.953,0,8272.24,0.0634,0,0.263,240.8,0.929
22734933,701440707,1.75E+12,LP,13/06/2025,22:45:00,0.2866,4488.939,0,8272.24,0.308,0,1.281,240.8,0.851
22734933,701440707,1.75E+12,LP,13/06/2025,22:30:00,0.2644,4488.868,0,8272.24,0.2843,0,1.186,240.1001,0.872
22734933,701440707,1.75E+12,LP,13/06/2025,22:15:00,0.1513,4488.802,0,8272.24,0.1612,0,0.668,241.2001,0.841
22734933,701440707,1.75E+12,LP,13/06/2025,22:00:00,0.5364,4488.764,0,8272.24,0.5556,0,2.321,239.9,0.9591
22734933,701440707,1.75E+12,LP,13/06/2025,21:45:00,0.5241,4488.631,0,8272.24,0.5624,0,2.344,240.3,0.968
22734933,701440707,1.75E+12,LP,13/06/2025,21:30:00,0.096,4488.5,0,8272.24,0.1163,0,0.481,242.1001,0.864
22734933,701440707,1.75E+12,LP,13/06/2025,21:15:00,0.0086,4488.476,0,8272.24,0.0178,0,0.073,242.3,0.488
22734933,701440707,1.75E+12,LP,13/06/2025,21:00:00,0.0086,4488.473,0,8272.24,0.0178,0,0.073,242.3,0.4771
22734933,701440707,1.75E+12,LP,13/06/2025,20:45:00,0.0086,4488.4711,0,8272.24,0.018,0,0.074,242.5,0.486
22734933,701440707,1.75E+12,LP,13/06/2025,20:30:00,0.0094,4488.469,0,8272.24,0.0202,0,0.083,242.8,0.4771
22734933,701440707,1.75E+12,LP,13/06/2025,20:15:00,1.2527,4488.467,0,8272.24,1.275,0,5.315,240.3,0.388
22734933,701440707,1.75E+12,LP,13/06/2025,20:00:00,1.3701,4488.154,0,8272.24,1.3932,0,5.855,237.9,0.983
22734933,701440707,1.75E+12,LP,13/06/2025,19:45:00,1.372,4487.812,0,8272.24,1.3959,0,5.8181,239.9,0.981
22734933,701440707,1.75E+12,LP,13/06/2025,19:30:00,1.3989,4487.469,0,8272.24,1.4232,0,5.869,242.4,0.983
22734933,701440707,1.75E+12,LP,13/06/2025,19:15:00,1.505,4487.119,0,8272.24,1.527,0,6.3101,241.9,0.981
22734933,701440707,1.75E+12,LP,13/06/2025,19:00:00,1.2595,4486.743,0,8272.24,1.2852,0,5.367,238.7001,0.988
22734933,701440707,1.75E+12,LP,13/06/2025,18:45:00,0.0261,4486.427,0,8272.24,0.2477,0,1.046,236.6001,0.485
22734933,701440707,1.75E+12,LP,13/06/2025,18:30:00,0.0137,4486.421,0.001,8272.24,0.224,0.0365,1.094,237.9,0.111
22734933,701440707,1.75E+12,LP,13/06/2025,18:15:00,0,4486.418,0.0478,8272.24,0,0.2604,1.087,239.5,-0.051
22734933,701440707,1.75E+12,LP,13/06/2025,18:00:00,0,4486.418,0.0488,8272.2281,0,0.2619,1.09,240.2001,-0.239
22734933,701440707,1.75E+12,LP,13/06/2025,17:45:00,0,4486.418,0.0608,8272.215,0,0.2599,1.089,238.6001,-0.116
22734933,701440707,1.75E+12,LP,13/06/2025,17:30:00,0,4486.418,0.2217,8272.2,0,0.3316,1.354,244.6001,-0.401
22734933,701440707,1.75E+12,LP,13/06/2025,17:15:00,0,4486.418,0.2831,8272.145,0,0.3675,1.502,244.5,-0.716
22734933,701440707,1.75E+12,LP,13/06/2025,17:00:00,0,4486.418,0.3996,8272.074,0,0.4548,1.8801,241.8,-0.78
22734933,701440707,1.75E+12,LP,13/06/2025,16:45:00,0,4486.418,0.5649,8271.974,0,0.5992,2.478,241.8,-0.913
22734933,701440707,1.75E+12,LP,13/06/2025,16:30:00,0,4486.418,0.7974,8271.833,0,0.8165,3.384,241.3,-0.962
22734933,701440707,1.75E+12,LP,13/06/2025,16:15:00,0.0029,4486.418,0.9985,8271.634,0.0108,1.0088,4.2011,242.4,-0.988
22734933,701440707,1.75E+12,LP,13/06/2025,16:00:00,0,4486.418,1.4684,8271.385,0,1.475,6.088,242.3,-0.992
22734933,701440707,1.75E+12,LP,13/06/2025,15:45:00,0,4486.418,2.6972,8271.018,0,2.7017,10.878,248.1001,-0.995
22734933,701440707,1.75E+12,LP,13/06/2025,15:30:00,0.0008,4486.418,2.2075,8270.3441,0.004,2.2189,8.879,249.1001,-0.998
22734933,701440707,1.75E+12,LP,13/06/2025,15:15:00,0.0008,4486.418,2.3089,8269.793,0.0041,2.3205,9.282,249.5,-0.996
22734933,701440707,1.75E+12,LP,13/06/2025,15:00:00,0.0008,4486.418,2.1961,8269.216,0.0035,2.2075,8.923,246.6001,-0.996
22734933,701440707,1.75E+12,LP,13/06/2025,14:45:00,0,4486.418,3.2618,8268.668,0,3.2648,13.11,247.9,-1
22734933,701440707,1.75E+12,LP,13/06/2025,14:30:00,0,4486.418,2.6577,8267.8531,0,2.6672,10.756,246.9,-0.999
22734933,701440707,1.75E+12,LP,13/06/2025,14:15:00,0.0015,4486.418,1.9397,8267.186,0.005,1.9527,7.782,248.3,-0.94
22734933,701440707,1.75E+12,LP,13/06/2025,14:00:00,0,4486.418,1.3952,8266.703,0,1.4546,5.9191,244.9,-0.985
22734933,701440707,1.75E+12,LP,13/06/2025,13:45:00,0,4486.418,0.7581,8266.3531,0,0.8409,3.434,244.7001,-0.835
22734933,701440707,1.75E+12,LP,13/06/2025,13:30:00,0.1027,4486.418,0.6534,8266.164,0.1818,0.6968,3.58,242.9,-0.977
22734933,701440707,1.75E+12,LP,13/06/2025,13:15:00,0.0066,4486.392,1.5744,8266.001,0.0134,1.617,6.49,249.6001,-0.975
22734933,701440707,1.75E+12,LP,13/06/2025,13:00:00,0.0008,4486.392,2.4053,8265.609,0.004,2.4194,9.677,249,-0.998
22734933,701440707,1.75E+12,LP,13/06/2025,12:45:00,0.0039,4486.392,1.2451,8265.008,0.0099,1.2532,5.0281,249.4,-0.991
22734933,701440707,1.75E+12,LP,13/06/2025,12:30:00,0.002,4486.3911,1.8675,8264.698,0.006,1.8787,7.445,251.2001,-1
22734933,701440707,1.75E+12,LP,13/06/2025,12:15:00,0.0029,4486.3911,1.7302,8264.23,0.0077,1.741,6.929,250.1001,-0.996
22734933,701440707,1.75E+12,LP,13/06/2025,12:00:00,0.0013,4486.3911,2.4226,8263.798,0.0047,2.436,9.74,249.2001,-0.99
22734933,701440707,1.75E+12,LP,13/06/2025,11:45:00,0.0008,4486.3911,2.6992,8263.1921,0.0037,2.7078,10.858,248.1001,-0.991
22734933,701440707,1.75E+12,LP,13/06/2025,11:30:00,0,4486.3911,3.0582,8262.52,0,3.0618,12.333,248.1001,-0.998
22734933,701440707,1.75E+12,LP,13/06/2025,11:15:00,0,4486.3911,3.8189,8261.756,0,3.8222,15.4311,247.4,-0.998
22734933,701440707,1.75E+12,LP,13/06/2025,11:00:00,0,4486.3911,2.04,8260.8,0.0004,2.0945,8.486,246.1001,-0.998
22734933,701440707,1.75E+12,LP,13/06/2025,10:45:00,0.0182,4486.3911,0.8239,8260.289,0.0718,0.9025,4.025,241.3,-0.143
22734933,701440707,1.75E+12,LP,13/06/2025,10:30:00,0.046,4486.387,0.9242,8260.084,0.0716,0.9977,4.381,243.6001,-0.957
22734933,701440707,1.75E+12,LP,13/06/2025,10:15:00,0,4486.377,1.0332,8259.854,0,1.1118,4.5521,244.1001,-0.967
22734933,701440707,1.75E+12,LP,13/06/2025,10:00:00,0,4486.377,0.592,8259.596,0.0043,0.7336,3.04,242.3,-0.905
22734933,701440707,1.75E+12,LP,13/06/2025,09:45:00,0,4486.377,3.7462,8259.448,0,3.753,15.097,248.3,-0.461
22734933,701440707,1.75E+12,LP,13/06/2025,09:30:00,0,4486.377,3.644,8258.512,0,3.6463,14.683,248.3,-0.998
22734933,701440707,1.75E+12,LP,13/06/2025,09:15:00,0,4486.377,3.2742,8257.601,0,3.2787,13.205,247.5,-0.998
22734933,701440707,1.75E+12,LP,13/06/2025,09:00:00,0,4486.377,2.4098,8256.783,0,2.4133,9.757,246.8,-0.999
22734933,701440707,1.75E+12,LP,13/06/2025,08:45:00,0,4486.377,1.9925,8256.182,0,2.0009,8.095,246.5,-1
22734933,701440707,1.75E+12,LP,13/06/2025,08:30:00,0,4486.377,0.36,8255.682,0,0.4243,1.7731,239.2001,-0.955
22734933,701440707,1.75E+12,LP,13/06/2025,08:15:00,0,4486.377,2.5603,8255.592,0,2.5665,10.501,243.6001,-0.984
22734933,701440707,1.75E+12,LP,13/06/2025,08:00:00,0,4486.377,1.0636,8254.952,0,1.0787,4.482,239.8,-0.982
22734933,701440707,1.75E+12,LP,13/06/2025,07:45:00,0.0094,4486.377,0.6809,8254.686,0.0109,0.7062,3.007,238.2001,-0.936
22734933,701440707,1.75E+12,LP,13/06/2025,07:30:00,0.0708,4486.375,0.4623,8254.516,0.0973,0.5039,2.498,240.4,0.85
22734933,701440707,1.75E+12,LP,13/06/2025,07:15:00,0,4486.358,0.5127,8254.4,0,0.5538,2.275,243.3,-0.881
22734933,701440707,1.75E+12,LP,13/06/2025,07:00:00,0,4486.358,0.3355,8254.272,0,0.4048,1.6641,243,-0.935
22734933,701440707,1.75E+12,LP,13/06/2025,06:45:00,0.005,4486.358,0.2224,8254.188,0.0047,0.3289,1.368,243.7001,-0.781
22734933,701440707,1.75E+12,LP,13/06/2025,06:30:00,1.2695,4486.357,0,8254.133,1.349,0,5.666,238,0.933
22734933,701440707,1.75E+12,LP,13/06/2025,06:15:00,1.5468,4486.04,0,8254.133,1.607,0,6.699,239.8,0.937
22734933,701440707,1.75E+12,LP,13/06/2025,06:00:00,0.4995,4485.653,0,8254.133,0.5233,0,2.17,240.7001,0.984
22734933,701440707,1.75E+12,LP,13/06/2025,05:45:00,0.0067,4485.528,0,8254.133,0.0133,0,0.054,244.4,0.492
22734933,701440707,1.75E+12,LP,13/06/2025,05:30:00,0.0086,4485.526,0,8254.133,0.0176,0,0.0721,242.8,0.488
22734933,701440707,1.75E+12,LP,13/06/2025,05:15:00,0.031,4485.524,0,8254.133,0.0381,0,0.16,238.8,0.488
22734933,701440707,1.75E+12,LP,13/06/2025,05:00:00,0.2124,4485.5161,0,8254.133,0.227,0,0.964,236.4,0.8281
22734933,701440707,1.75E+12,LP,13/06/2025,04:45:00,0.0346,4485.463,0,8254.133,0.0415,0,0.1751,236.8,0.842
22734933,701440707,1.75E+12,LP,13/06/2025,04:30:00,0.0347,4485.454,0,8254.133,0.0417,0,0.1741,238.8,0.8321
22734933,701440707,1.75E+12,LP,13/06/2025,04:15:00,0.2204,4485.445,0,8254.133,0.2467,0,1.04,238.4,0.853
22734933,701440707,1.75E+12,LP,13/06/2025,04:00:00,0.0349,4485.39,0,8254.133,0.0419,0,0.1751,239.4,0.846
22734933,701440707,1.75E+12,LP,13/06/2025,03:45:00,0.169,4485.3821,0,8254.133,0.1834,0,0.771,238.8,0.805
22734933,701440707,1.75E+12,LP,13/06/2025,03:30:00,0.0945,4485.34,0,8254.133,0.1057,0,0.445,238.7001,0.9401
22734933,701440707,1.75E+12,LP,13/06/2025,03:15:00,0.0349,4485.316,0,8254.133,0.0419,0,0.1731,241.5,0.8231
22734933,701440707,1.75E+12,LP,13/06/2025,03:00:00,0.2495,4485.307,0,8254.133,0.2692,0,1.118,241.3,0.858
22734933,701440707,1.75E+12,LP,13/06/2025,02:45:00,0.0349,4485.245,0,8254.133,0.042,0,0.1741,240.6001,0.842
22734933,701440707,1.75E+12,LP,13/06/2025,02:30:00,0.2604,4485.236,0,8254.133,0.2797,0,1.17,239.6001,0.8211
22734933,701440707,1.75E+12,LP,13/06/2025,02:15:00,0.0349,4485.1721,0,8254.133,0.0419,0,0.1741,240.1001,0.8301
22734933,701440707,1.75E+12,LP,13/06/2025,02:00:00,0.2515,4485.1631,0,8254.133,0.2697,0,1.139,238.4,0.841
22734933,701440707,1.75E+12,LP,13/06/2025,01:45:00,0.0346,4485.1,0,8254.133,0.0415,0,0.1741,238.2001,0.8191
22734933,701440707,1.75E+12,LP,13/06/2025,01:30:00,0.2453,4485.092,0,8254.133,0.2635,0,1.115,237.3,0.858
22734933,701440707,1.75E+12,LP,13/06/2025,01:15:00,0.2432,4485.031,0,8254.133,0.263,0,1.103,238.3,0.8251
22734933,701440707,1.75E+12,LP,13/06/2025,01:00:00,0.0349,4484.97,0,8254.133,0.0419,0,0.1731,240.8,0.833
22734933,701440707,1.75E+12,LP,13/06/2025,00:45:00,0.275,4484.961,0,8254.133,0.295,0,1.242,238.7001,0.841
22734933,701440707,1.75E+12,LP,13/06/2025,00:30:00,0.0346,4484.893,0,8254.133,0.0417,0,0.1731,239.4,0.845
22734933,701440707,1.75E+12,LP,13/06/2025,00:15:00,0.2821,4484.885,0,8254.133,0.3027,0,1.2751,237.5,0.845
22734933,701440707,1.75E+12,LP,13/06/2025,00:00:00,0.0697,4484.814,0,8254.133,0.0787,0,0.328,239.8,0.837
22734933,701440707,1.75E+12,LP,12/06/2025,23:45:00,0.2327,4484.7971,0,8254.133,0.2504,0,1.052,238.4,0.9461
22734933,701440707,1.75E+12,LP,12/06/2025,23:30:00,0.2937,4484.738,0,8254.133,0.3133,0,1.321,236.3,0.8321
22734933,701440707,1.75E+12,LP,12/06/2025,23:15:00,0.2328,4484.665,0,8254.133,0.2504,0,1.048,238.9,0.845
22734933,701440707,1.75E+12,LP,12/06/2025,23:00:00,0.1138,4484.607,0,8254.133,0.1262,0,0.529,239.9,0.9451
22734933,701440707,1.75E+12,LP,12/06/2025,22:45:00,0.338,4484.578,0,8254.133,0.3612,0,1.552,235.3,0.8281
22734933,701440707,1.75E+12,LP,12/06/2025,22:30:00,0.3653,4484.493,0,8254.133,0.3899,0,1.635,239.4,0.8251
22734933,701440707,1.75E+12,LP,12/06/2025,22:15:00,0.494,4484.401,0,8254.133,0.5281,0,2.202,240.9,0.8161
22734933,701440707,1.75E+12,LP,12/06/2025,22:00:00,0.3859,4484.278,0,8254.133,0.4225,0,1.7691,239.7001,0.9381
22734933,701440707,1.75E+12,LP,12/06/2025,21:45:00,0.0085,4484.1811,0,8254.133,0.0176,0,0.073,240.8,0.485
22734933,701440707,1.75E+12,LP,12/06/2025,21:30:00,0.1929,4484.179,0,8254.133,0.2177,0,0.903,241,0.483
22734933,701440707,1.75E+12,LP,12/06/2025,21:15:00,0.1998,4484.131,0,8254.133,0.2247,0,0.932,241.2001,0.912
22734933,701440707,1.75E+12,LP,12/06/2025,21:00:00,1.5964,4484.081,0,8254.133,1.6152,0,6.97,235.5,0.905
22734933,701440707,1.75E+12,LP,12/06/2025,20:45:00,1.8524,4483.682,0,8254.133,1.8714,0,7.973,237.9,1
22734933,701440707,1.75E+12,LP,12/06/2025,20:30:00,0.0188,4483.219,0,8254.133,0.035,0,0.1441,241.8,0.537
22734933,701440707,1.75E+12,LP,12/06/2025,20:15:00,1.8518,4483.214,0,8254.133,1.8627,0,7.945,237.6001,0.54
22734933,701440707,1.75E+12,LP,12/06/2025,20:00:00,3.2304,4482.752,0,8254.133,3.2433,0,13.895,233.4,0.995
22734933,701440707,1.75E+12,LP,12/06/2025,19:45:00,3.2477,4481.944,0,8254.133,3.2602,0,13.898,234.5,0.995
22734933,701440707,1.75E+12,LP,12/06/2025,19:30:00,3.2928,4481.1321,0,8254.133,3.3073,0,13.955,237,0.995
22734933,701440707,1.75E+12,LP,12/06/2025,19:15:00,3.1177,4480.309,0,8254.133,3.1387,0,13.326,235.5,0.995
22734933,701440707,1.75E+12,LP,12/06/2025,19:00:00,0.0164,4479.53,0,8254.133,0.0302,0,0.127,235.9,0.539
22734933,701440707,1.75E+12,LP,12/06/2025,18:45:00,0.0327,4479.526,0,8254.133,0.2308,0,0.972,237.7001,0.546
22734933,701440707,1.75E+12,LP,12/06/2025,18:30:00,0.0204,4479.518,0.0015,8254.133,0.2144,0.0444,1.093,236.5,0.136
22734933,701440707,1.75E+12,LP,12/06/2025,18:15:00,0,4479.513,0.0832,8254.132,0,0.268,1.117,239.7001,-0.068
22734933,701440707,1.75E+12,LP,12/06/2025,18:00:00,0.003,4479.513,0.1565,8254.111,0.0103,0.2684,1.151,242,-0.534
22734933,701440707,1.75E+12,LP,12/06/2025,17:45:00,0,4479.513,0.2932,8254.071,0,0.3745,1.545,242.4,-0.712
22734933,701440707,1.75E+12,LP,12/06/2025,17:30:00,0,4479.513,0.3988,8253.998,0,0.4539,1.885,240.7001,-0.844
22734933,701440707,1.75E+12,LP,12/06/2025,17:15:00,0,4479.513,0.5629,8253.8981,0,0.5967,2.485,240.1001,-0.906
22734933,701440707,1.75E+12,LP,12/06/2025,17:00:00,0,4479.513,0.8225,8253.757,0,0.841,3.5021,240,-0.943
22734933,701440707,1.75E+12,LP,12/06/2025,16:45:00,0,4479.513,1.2654,8253.552,0,1.2739,5.263,242,-0.997
22734933,701440707,1.75E+12,LP,12/06/2025,16:30:00,0,4479.513,1.2058,8253.236,0,1.2163,5.019,242.2001,-0.993
22734933,701440707,1.75E+12,LP,12/06/2025,16:15:00,0,4479.513,1.7773,8252.935,0,1.7842,7.2491,245.9,-0.994
22734933,701440707,1.75E+12,LP,12/06/2025,16:00:00,0,4479.513,2.0226,8252.49,0,2.0285,8.276,244.9,-0.997
22734933,701440707,1.75E+12,LP,12/06/2025,15:45:00,0,4479.513,2.0741,8251.985,0,2.0801,8.5401,243.2001,-0.961
22734933,701440707,1.75E+12,LP,12/06/2025,15:30:00,0,4479.513,1.8595,8251.467,0,1.8644,7.69,241.5,-0.922
22734933,701440707,1.75E+12,LP,12/06/2025,15:15:00,0,4479.513,2.8107,8251.003,0,2.8149,11.401,246.5,-0.999
22734933,701440707,1.75E+12,LP,12/06/2025,15:00:00,0,4479.513,3.0988,8250.301,0,3.0998,12.523,247.1001,-1
22734933,701440707,1.75E+12,LP,12/06/2025,14:45:00,0,4479.513,3.3837,8249.526,0,3.386,13.563,249.4,-0.998
22734933,701440707,1.75E+12,LP,12/06/2025,14:30:00,0,4479.513,3.2248,8248.681,0,3.23,13.009,247.4,-1
22734933,701440707,1.75E+12,LP,12/06/2025,14:15:00,0.775,4479.513,0.4675,8247.875,0.8134,0.5116,5.473,243,-1
22734933,701440707,1.75E+12,LP,12/06/2025,14:00:00,1.0098,4479.323,0.1104,8247.762,1.0777,0.1264,4.99,241.8,0.978
22734933,701440707,1.75E+12,LP,12/06/2025,13:45:00,1.1127,4479.073,0.2019,8247.738,1.1667,0.226,5.872,238.1001,0.9401
22734933,701440707,1.75E+12,LP,12/06/2025,13:30:00,0.6316,4478.798,1.0015,8247.691,0.6731,1.0192,6.894,243.7001,0.973
22734933,701440707,1.75E+12,LP,12/06/2025,13:15:00,0.0024,4478.643,1.8342,8247.4421,0.0055,1.8479,7.409,247.6001,-1
22734933,701440707,1.75E+12,LP,12/06/2025,13:00:00,0.0016,4478.643,1.5675,8246.984,0.0047,1.6004,6.4111,248.1001,-0.987
22734933,701440707,1.75E+12,LP,12/06/2025,12:45:00,0,4478.643,1.7165,8246.593,0,1.7324,6.931,248.1001,-0.774
22734933,701440707,1.75E+12,LP,12/06/2025,12:30:00,0.0019,4478.643,2.104,8246.164,0.0059,2.1164,8.472,249,-0.979
22734933,701440707,1.75E+12,LP,12/06/2025,12:15:00,0.0057,4478.643,1.5545,8245.638,0.0125,1.5656,6.2701,249.5,-0.994
22734933,701440707,1.75E+12,LP,12/06/2025,12:00:00,0.0074,4478.642,1.4267,8245.251,0.0155,1.439,5.75,250.3,-0.986
22734933,701440707,1.75E+12,LP,12/06/2025,11:45:00,0.0175,4478.64,1.9843,8244.894,0.0246,2.0043,8.078,249.7001,-0.989
22734933,701440707,1.75E+12,LP,12/06/2025,11:30:00,1.8365,4478.637,0,8244.3981,1.9004,0,7.807,244.3,0.9551
22734933,701440707,1.75E+12,LP,12/06/2025,11:15:00,0.081,4478.385,0.769,8244.367,0.1205,0.8625,4.047,241.9,-0.708
22734933,701440707,1.75E+12,LP,12/06/2025,11:00:00,0.4415,4478.367,0.7486,8244.177,0.4771,0.8049,5.344,239.8,-0.962
22734933,701440707,1.75E+12,LP,12/06/2025,10:45:00,0.4745,4478.26,0.3168,8243.993,0.5592,0.3605,3.869,237.3,0.876
22734933,701440707,1.75E+12,LP,12/06/2025,10:30:00,1.0236,4478.143,1.4306,8243.915,1.045,1.4479,10.071,246.8,0.862
22734933,701440707,1.75E+12,LP,12/06/2025,10:15:00,0.0015,4477.888,2.7743,8243.558,0.0054,2.7869,11.171,247.5,-0.997
22734933,701440707,1.75E+12,LP,12/06/2025,10:00:00,0.0015,4477.888,2.2056,8242.863,0.0046,2.2191,9,242.3,-0.97
22734933,701440707,1.75E+12,LP,12/06/2025,09:45:00,0,4477.888,3.3119,8242.311,0,3.3121,13.351,246.7001,-0.998
22734933,701440707,1.75E+12,LP,12/06/2025,09:30:00,0,4477.888,3.6749,8241.486,0,3.6775,14.98,245.3,-1
22734933,701440707,1.75E+12,LP,12/06/2025,09:15:00,0,4477.888,3.3506,8240.568,0,3.355,13.762,243.5,-0.996
22734933,701440707,1.75E+12,LP,12/06/2025,09:00:00,0,4477.888,2.4858,8239.731,0,2.4904,10.395,238.6001,-0.995
22734933,701440707,1.75E+12,LP,12/06/2025,08:45:00,0,4477.888,3.0209,8239.11,0,3.0253,12.505,241.9,-0.999
22734933,701440707,1.75E+12,LP,12/06/2025,08:30:00,0,4477.888,0.9182,8238.355,0,0.9442,3.964,236.4,-1
22734933,701440707,1.75E+12,LP,12/06/2025,08:15:00,0,4477.888,1.4297,8238.125,0,1.4406,6.023,237.8,-0.947
22734933,701440707,1.75E+12,LP,12/06/2025,08:00:00,0,4477.888,1.899,8237.767,0,1.9066,8.033,237.1001,-0.998
22734933,701440707,1.75E+12,LP,12/06/2025,07:45:00,0,4477.888,0.9812,8237.292,0,1.0051,4.283,232.9,-0.982
22734933,701440707,1.75E+12,LP,12/06/2025,07:30:00,0,4477.888,0.7437,8237.047,0,0.7673,3.2601,235.1001,-0.938
22734933,701440707,1.75E+12,LP,12/06/2025,07:15:00,0,4477.888,0.3603,8236.861,0,0.4208,1.7891,235.2001,-0.86
22734933,701440707,1.75E+12,LP,12/06/2025,07:00:00,0,4477.888,0.3339,8236.771,0,0.4033,1.682,239.4,-0.678
22734933,701440707,1.75E+12,LP,12/06/2025,06:45:00,0,4477.888,0.2837,8236.687,0,0.3708,1.5231,243.3,-0.882
22734933,701440707,1.75E+12,LP,12/06/2025,06:30:00,0,4477.888,0.0993,8236.616,0,0.2727,1.133,240.6001,-0.566
22734933,701440707,1.75E+12,LP,12/06/2025,06:15:00,0.0025,4477.888,0.0152,8236.591,0.0692,0.1899,1.066,242.9,-0.155
22734933,701440707,1.75E+12,LP,12/06/2025,06:00:00,0.0175,4477.887,0,8236.588,0.0313,0,0.129,241.3,0.5671
22734933,701440707,1.75E+12,LP,12/06/2025,05:45:00,0.0238,4477.883,0,8236.588,0.0373,0,0.154,241.3,0.554
22734933,701440707,1.75E+12,LP,12/06/2025,05:30:00,0.2338,4477.877,0,8236.588,0.2514,0,1.052,241.4,0.879
22734933,701440707,1.75E+12,LP,12/06/2025,05:15:00,0.0454,4477.819,0,8236.588,0.0511,0,0.211,241.3,0.888
22734933,701440707,1.75E+12,LP,12/06/2025,05:00:00,0.0454,4477.807,0,8236.588,0.0514,0,0.212,241.7001,0.907
22734933,701440707,1.75E+12,LP,12/06/2025,04:45:00,0.2267,4477.796,0,8236.588,0.2457,0,1.02,242.1001,0.883
22734933,701440707,1.75E+12,LP,12/06/2025,04:30:00,0.0451,4477.7391,0,8236.588,0.0514,0,0.214,239.1001,0.903
22734933,701440707,1.75E+12,LP,12/06/2025,04:15:00,0.0448,4477.728,0,8236.588,0.051,0,0.215,236.2001,0.869
22734933,701440707,1.75E+12,LP,12/06/2025,04:00:00,0.2249,4477.717,0,8236.588,0.2428,0,1.03,236.6001,0.895
22734933,701440707,1.75E+12,LP,12/06/2025,03:45:00,0.045,4477.66,0,8236.588,0.0502,0,0.211,237.5,0.902
22734933,701440707,1.75E+12,LP,12/06/2025,03:30:00,0.045,4477.649,0,8236.588,0.0507,0,0.214,237.3,0.877
22734933,701440707,1.75E+12,LP,12/06/2025,03:15:00,0.241,4477.638,0,8236.588,0.2572,0,1.089,236.7001,0.868
22734933,701440707,1.75E+12,LP,12/06/2025,03:00:00,0.0449,4477.577,0,8236.588,0.051,0,0.215,236.2001,0.876
22734933,701440707,1.75E+12,LP,12/06/2025,02:45:00,0.23,4477.566,0,8236.588,0.2459,0,1.041,236.7001,0.862
22734933,701440707,1.75E+12,LP,12/06/2025,02:30:00,0.045,4477.508,0,8236.588,0.0512,0,0.215,238.2001,0.878
22734933,701440707,1.75E+12,LP,12/06/2025,02:15:00,0.0455,4477.497,0,8236.588,0.0511,0,0.211,242,0.874
22734933,701440707,1.75E+12,LP,12/06/2025,02:00:00,0.2366,4477.486,0,8236.588,0.2562,0,1.073,240.3,0.9
22734933,701440707,1.75E+12,LP,12/06/2025,01:45:00,0.0453,4477.427,0,8236.588,0.0504,0,0.209,240.4,0.892
22734933,701440707,1.75E+12,LP,12/06/2025,01:30:00,0.2387,4477.415,0,8236.588,0.2565,0,1.063,242.2001,0.876
22734933,701440707,1.75E+12,LP,12/06/2025,01:15:00,0.0455,4477.356,0,8236.588,0.0511,0,0.211,241.8,0.88
22734933,701440707,1.75E+12,LP,12/06/2025,01:00:00,0.2497,4477.345,0,8236.588,0.2744,0,1.135,241.7001,0.881
22734933,701440707,1.75E+12,LP,12/06/2025,00:45:00,0.0455,4477.282,0,8236.588,0.0519,0,0.212,243.7001,0.895
22734933,701440707,1.75E+12,LP,12/06/2025,00:30:00,0.2625,4477.27,0,8236.588,0.2825,0,1.172,242.3,0.851
22734933,701440707,1.75E+12,LP,12/06/2025,00:15:00,0.0454,4477.204,0,8236.588,0.0516,0,0.213,241.7001,0.861
22734933,701440707,1.75E+12,LP,12/06/2025,00:00:00,0.2489,4477.193,0,8236.588,0.2655,0,1.112,239.5,0.902
22734933,701440707,1.75E+12,LP,11/06/2025,23:45:00,0.045,4477.131,0,8236.588,0.0511,0,0.215,238.2001,0.88
22734933,701440707,1.75E+12,LP,11/06/2025,23:30:00,0.256,4477.119,0,8236.588,0.272,0,1.153,236.6001,0.877
22734933,701440707,1.75E+12,LP,11/06/2025,23:15:00,0.045,4477.055,0,8236.588,0.0511,0,0.215,237.7001,0.876
22734933,701440707,1.75E+12,LP,11/06/2025,23:00:00,0.2602,4477.044,0,8236.588,0.2756,0,1.162,238.9,0.88
22734933,701440707,1.75E+12,LP,11/06/2025,22:45:00,0.2664,4476.979,0,8236.588,0.2851,0,1.195,239.1001,0.888
22734933,701440707,1.75E+12,LP,11/06/2025,22:30:00,0.0448,4476.912,0,8236.588,0.0521,0,0.219,237.3,0.861
22734933,701440707,1.75E+12,LP,11/06/2025,22:15:00,0.3048,4476.9001,0,8236.588,0.3308,0,1.393,239.2001,0.868
22734933,701440707,1.75E+12,LP,11/06/2025,22:00:00,0.3713,4476.8241,0,8236.588,0.4093,0,1.701,241.4,0.876
22734933,701440707,1.75E+12,LP,11/06/2025,21:45:00,0.0187,4476.731,0,8236.588,0.0349,0,0.1441,241,0.533
22734933,701440707,1.75E+12,LP,11/06/2025,21:30:00,0.0185,4476.726,0,8236.588,0.0342,0,0.1441,237.9,0.531
22734933,701440707,1.75E+12,LP,11/06/2025,21:15:00,0.0187,4476.722,0,8236.588,0.0345,0,0.1441,239,0.534
22734933,701440707,1.75E+12,LP,11/06/2025,21:00:00,0.0187,4476.717,0,8236.588,0.0345,0,0.1431,240.3,0.541
22734933,701440707,1.75E+12,LP,11/06/2025,20:45:00,0.1454,4476.712,0,8236.588,0.1672,0,0.7011,237.9,0.547
22734933,701440707,1.75E+12,LP,11/06/2025,20:30:00,0.198,4476.676,0,8236.588,0.2225,0,0.93,239.1001,0.88
22734933,701440707,1.75E+12,LP,11/06/2025,20:15:00,0.1973,4476.626,0,8236.588,0.2207,0,0.928,237.5,0.914
22734933,701440707,1.75E+12,LP,11/06/2025,20:00:00,0.1965,4476.577,0,8236.588,0.2184,0,0.931,234.5,0.896
22734933,701440707,1.75E+12,LP,11/06/2025,19:45:00,0.1975,4476.528,0,8236.588,0.2209,0,0.932,236.8,0.871
22734933,701440707,1.75E+12,LP,11/06/2025,19:30:00,0.1983,4476.479,0,8236.588,0.2225,0,0.932,238.5,0.903
22734933,701440707,1.75E+12,LP,11/06/2025,19:15:00,0.0968,4476.429,0,8236.588,0.1169,0,0.49,237.8,0.869
22734933,701440707,1.75E+12,LP,11/06/2025,19:00:00,2.697,4476.405,0,8236.588,2.71,0,11.643,233.1001,0.526
22734933,701440707,1.75E+12,LP,11/06/2025,18:45:00,3.2655,4475.733,0,8236.588,3.2987,0,14.0141,235.3,0.995
22734933,701440707,1.75E+12,LP,11/06/2025,18:30:00,2.1695,4474.917,0,8236.588,2.2818,0,9.737,236.2001,0.987
22734933,701440707,1.75E+12,LP,11/06/2025,18:15:00,0.0129,4474.3731,0,8236.588,0.2655,0,1.108,239.5,0.0711
22734933,701440707,1.75E+12,LP,11/06/2025,18:00:00,0.0004,4474.37,0.026,8236.588,0.0615,0.1952,1.079,237.7001,0.023
22734933,701440707,1.75E+12,LP,11/06/2025,17:45:00,0,4474.37,0.0922,8236.582,0,0.2641,1.114,236.9,-0.199
22734933,701440707,1.75E+12,LP,11/06/2025,17:30:00,0,4474.37,0.222,8236.558,0,0.3255,1.357,239.8,-0.495
22734933,701440707,1.75E+12,LP,11/06/2025,17:15:00,0,4474.37,0.443,8236.503,0,0.4902,2.052,238.8,-0.808
22734933,701440707,1.75E+12,LP,11/06/2025,17:00:00,0,4474.37,0.4385,8236.392,0,0.4832,2.04,236.8,-0.931
22734933,701440707,1.75E+12,LP,11/06/2025,16:45:00,0,4474.37,0.5065,8236.283,0,0.5449,2.286,238.2001,-0.918
22734933,701440707,1.75E+12,LP,11/06/2025,16:30:00,0,4474.37,0.5809,8236.156,0,0.6156,2.545,241.7001,-0.91
22734933,701440707,1.75E+12,LP,11/06/2025,16:15:00,0,4474.37,0.6334,8236.011,0,0.6752,2.7881,241.2001,-0.99
22734933,701440707,1.75E+12,LP,11/06/2025,16:00:00,0,4474.37,0.2255,8235.852,0,0.3356,1.4021,239.1001,-0.776
22734933,701440707,1.75E+12,LP,11/06/2025,15:45:00,0,4474.37,0.9262,8235.796,0,0.9461,3.884,243,-0.981
22734933,701440707,1.75E+12,LP,11/06/2025,15:30:00,0,4474.37,1.5111,8235.565,0,1.5185,6.18,245.6001,-1
22734933,701440707,1.75E+12,LP,11/06/2025,15:15:00,0,4474.37,1.7287,8235.187,0,1.7347,7.12,243.5,-0.995
22734933,701440707,1.75E+12,LP,11/06/2025,15:00:00,0,4474.37,2.1219,8234.7551,0,2.1271,8.673,245,-0.994
22734933,701440707,1.75E+12,LP,11/06/2025,14:45:00,0,4474.37,1.6514,8234.224,0,1.6829,6.8951,243.6001,-0.992
22734933,701440707,1.75E+12,LP,11/06/2025,14:30:00,0,4474.37,1.5878,8233.811,0,1.6069,6.663,240.4,-0.97
22734933,701440707,1.75E+12,LP,11/06/2025,14:15:00,0,4474.37,2.052,8233.414,0,2.0581,8.523,240.7001,-1
22734933,701440707,1.75E+12,LP,11/06/2025,14:00:00,0,4474.37,2.2593,8232.9,0,2.2641,9.3221,242.6001,-0.993
22734933,701440707,1.75E+12,LP,11/06/2025,13:45:00,0.0016,4474.37,2.1891,8232.336,0.0051,2.2031,8.844,248.3,-0.996
22734933,701440707,1.75E+12,LP,11/06/2025,13:30:00,0.0025,4474.37,1.8069,8231.79,0.007,1.8236,7.277,250.1001,-0.987
22734933,701440707,1.75E+12,LP,11/06/2025,13:15:00,0.0054,4474.37,1.6764,8231.339,0.0143,1.6949,6.774,249.3,-0.839
22734933,701440707,1.75E+12,LP,11/06/2025,13:00:00,0.2597,4474.37,1.772,8230.922,0.293,1.7904,8.319,247.2001,0.533
22734933,701440707,1.75E+12,LP,11/06/2025,12:45:00,1.09,4474.3061,0.39,8230.481,1.1346,0.4395,6.402,246.7001,0.918
22734933,701440707,1.75E+12,LP,11/06/2025,12:30:00,0.5026,4474.036,0.6552,8230.384,0.534,0.718,5.186,242.9,-0.83
22734933,701440707,1.75E+12,LP,11/06/2025,12:15:00,0.3224,4473.915,1.0073,8230.222,0.3355,1.0688,5.763,244.5,0.982
22734933,701440707,1.75E+12,LP,11/06/2025,12:00:00,0.0019,4473.834,2.0432,8229.972,0.0054,2.0831,8.352,247.3,-0.709
22734933,701440707,1.75E+12,LP,11/06/2025,11:45:00,0.0018,4473.834,2.6379,8229.461,0.0057,2.657,10.614,249.4,-0.998
22734933,701440707,1.75E+12,LP,11/06/2025,11:30:00,0.0032,4473.834,2.1604,8228.8,0.0077,2.1748,8.741,248.2001,-1
22734933,701440707,1.75E+12,LP,11/06/2025,11:15:00,0,4473.834,2.9159,8228.26,0,2.9228,11.759,245.1001,-0.992
22734933,701440707,1.75E+12,LP,11/06/2025,11:00:00,0.0015,4473.834,1.5467,8227.529,0.0043,1.562,6.384,242.5,-0.967
22734933,701440707,1.75E+12,LP,11/06/2025,10:45:00,0.0007,4473.834,2.6259,8227.143,0.0013,2.6373,10.533,249.1001,0.539
22734933,701440707,1.75E+12,LP,11/06/2025,10:30:00,0.0064,4473.8331,1.6672,8226.4871,0.0162,1.6824,6.744,249.2001,-0.341
22734933,701440707,1.75E+12,LP,11/06/2025,10:15:00,0.0025,4473.832,2.6574,8226.071,0.007,2.6679,10.624,250.3,0.533
22734933,701440707,1.75E+12,LP,11/06/2025,10:00:00,0,4473.832,3.1507,8225.41,0,3.153,12.693,247.4,-0.994
22734933,701440707,1.75E+12,LP,11/06/2025,09:45:00,0,4473.832,3.2937,8224.622,0,3.3047,13.444,244.5,-0.997
22734933,701440707,1.75E+12,LP,11/06/2025,09:30:00,0,4473.832,3.3549,8223.799,0,3.357,13.616,245.8,-0.999
22734933,701440707,1.75E+12,LP,11/06/2025,09:15:00,0.0238,4473.832,2.7715,8222.962,0.027,2.839,11.624,245.8,-0.997
22734933,701440707,1.75E+12,LP,11/06/2025,09:00:00,0.29,4473.826,0.0109,8222.271,0.4973,0.076,2.369,242.9,-0.327
22734933,701440707,1.75E+12,LP,11/06/2025,08:45:00,0.5883,4473.754,0.1713,8222.269,0.7143,0.21,3.827,242.3,0.711
22734933,701440707,1.75E+12,LP,11/06/2025,08:30:00,0,4473.609,0.9304,8222.227,0,0.9536,3.932,242.2001,-0.986
22734933,701440707,1.75E+12,LP,11/06/2025,08:15:00,0,4473.609,0.9739,8221.994,0,0.9996,4.163,240.4,-0.775
22734933,701440707,1.75E+12,LP,11/06/2025,08:00:00,0,4473.609,0.9834,8221.751,0,0.9994,4.166,239.7001,-0.995
22734933,701440707,1.75E+12,LP,11/06/2025,07:45:00,0,4473.609,1.2,8221.5051,0,1.2127,5.026,241.1001,-0.991
22734933,701440707,1.75E+12,LP,11/06/2025,07:30:00,0,4473.609,0.5108,8221.205,0,0.5521,2.2921,240.8,-0.96
22734933,701440707,1.75E+12,LP,11/06/2025,07:15:00,0,4473.609,0.3335,8221.077,0,0.4068,1.672,243.2001,-0.866
22734933,701440707,1.75E+12,LP,11/06/2025,07:00:00,0,4473.609,0.2158,8220.994,0,0.3278,1.348,243.1001,-0.744
22734933,701440707,1.75E+12,LP,11/06/2025,06:45:00,0,4473.609,0.1945,8220.94,0,0.3138,1.297,241.9,-0.626
22734933,701440707,1.75E+12,LP,11/06/2025,06:30:00,0.0008,4473.609,0.0625,8220.891,0.0507,0.2283,1.151,242.4,-0.596
22734933,701440707,1.75E+12,LP,11/06/2025,06:15:00,0.0103,4473.609,0,8220.876,0.1516,0.0074,0.659,241.6001,0.011
22734933,701440707,1.75E+12,LP,11/06/2025,06:00:00,0.0187,4473.606,0,8220.876,0.0342,0,0.1411,242.2001,0.538
22734933,701440707,1.75E+12,LP,11/06/2025,05:45:00,0.0187,4473.601,0,8220.876,0.0339,0,0.139,243.5,0.551
22734933,701440707,1.75E+12,LP,11/06/2025,05:30:00,0.2188,4473.597,0,8220.876,0.2368,0,1.0031,236.9,0.543
22734933,701440707,1.75E+12,LP,11/06/2025,05:15:00,0.045,4473.542,0,8220.876,0.0509,0,0.213,239,0.872
22734933,701440707,1.75E+12,LP,11/06/2025,05:00:00,0.0516,4473.53,0,8220.876,0.0568,0,0.2371,239,0.904
22734933,701440707,1.75E+12,LP,11/06/2025,04:45:00,0.2398,4473.517,0,8220.876,0.2572,0,1.078,239.2001,0.9441
22734933,701440707,1.75E+12,LP,11/06/2025,04:30:00,0.045,4473.457,0,8220.876,0.0506,0,0.21,240.7001,0.925
22734933,701440707,1.75E+12,LP,11/06/2025,04:15:00,0.2379,4473.446,0,8220.876,0.2575,0,1.069,241.7001,0.901
22734933,701440707,1.75E+12,LP,11/06/2025,04:00:00,0.0451,4473.387,0,8220.876,0.0505,0,0.209,241.8,0.881
22734933,701440707,1.75E+12,LP,11/06/2025,03:45:00,0.2368,4473.375,0,8220.876,0.2543,0,1.06,241.6001,0.886
22734933,701440707,1.75E+12,LP,11/06/2025,03:30:00,0.0451,4473.316,0,8220.876,0.0506,0,0.209,242.2001,0.891
22734933,701440707,1.75E+12,LP,11/06/2025,03:15:00,0.06,4473.305,0,8220.876,0.0666,0,0.275,242.4,0.888
22734933,701440707,1.75E+12,LP,11/06/2025,03:00:00,0.2364,4473.29,0,8220.876,0.2548,0,1.06,240.7001,0.935
22734933,701440707,1.75E+12,LP,11/06/2025,02:45:00,0.045,4473.2301,0,8220.876,0.0507,0,0.212,239.4,0.862
22734933,701440707,1.75E+12,LP,11/06/2025,02:30:00,0.2619,4473.219,0,8220.876,0.2801,0,1.177,238.8,0.876
22734933,701440707,1.75E+12,LP,11/06/2025,02:15:00,0.0449,4473.154,0,8220.876,0.0504,0,0.21,239.1001,0.903
22734933,701440707,1.75E+12,LP,11/06/2025,02:00:00,0.2548,4473.142,0,8220.876,0.2734,0,1.158,237.2001,0.876
22734933,701440707,1.75E+12,LP,11/06/2025,01:45:00,0.0449,4473.079,0,8220.876,0.0505,0,0.211,239.4,0.863
22734933,701440707,1.75E+12,LP,11/06/2025,01:30:00,0.2572,4473.067,0,8220.876,0.2757,0,1.163,238.4,0.875
22734933,701440707,1.75E+12,LP,11/06/2025,01:15:00,0.0446,4473.003,0,8220.876,0.051,0,0.213,238.6001,0.867
22734933,701440707,1.75E+12,LP,11/06/2025,01:00:00,0.2926,4472.991,0,8220.876,0.3127,0,1.301,239.5,0.873
22734933,701440707,1.75E+12,LP,11/06/2025,00:45:00,0.045,4472.919,0,8220.876,0.0514,0,0.212,242.2001,0.875
22734933,701440707,1.75E+12,LP,11/06/2025,00:30:00,0.297,4472.908,0,8220.876,0.3163,0,1.323,240.3,0.883
22734933,701440707,1.75E+12,LP,11/06/2025,00:15:00,0.0446,4472.8331,0,8220.876,0.0505,0,0.211,238.7001,0.882
22734933,701440707,1.75E+12,LP,11/06/2025,00:00:00,0.2737,4472.822,0,8220.876,0.292,0,1.242,236.9,0.897
22734933,701440707,1.75E+12,LP,10/06/2025,23:45:00,0.2945,4472.754,0,8220.876,0.314,0,1.324,238.3,0.88
22734933,701440707,1.75E+12,LP,10/06/2025,23:30:00,0.0448,4472.68,0,8220.876,0.0507,0,0.211,240.1001,0.876
22734933,701440707,1.75E+12,LP,10/06/2025,23:15:00,0.2835,4472.669,0,8220.876,0.3028,0,1.27,240.1001,0.883
22734933,701440707,1.75E+12,LP,10/06/2025,23:00:00,0.1864,4472.598,0,8220.876,0.201,0,0.834,240.3,0.865
22734933,701440707,1.75E+12,LP,10/06/2025,22:45:00,0.1476,4472.552,0,8220.876,0.162,0,0.666,243,0.9381
22734933,701440707,1.75E+12,LP,10/06/2025,22:30:00,0.3698,4472.514,0,8220.876,0.397,0,1.649,242.1001,0.872
22734933,701440707,1.75E+12,LP,10/06/2025,22:15:00,0.3088,4472.421,0,8220.876,0.3304,0,1.3781,241.6001,0.868
22734933,701440707,1.75E+12,LP,10/06/2025,22:00:00,0.4222,4472.343,0,8220.876,0.4507,0,1.8881,240.4,0.848
22734933,701440707,1.75E+12,LP,10/06/2025,21:45:00,0.523,4472.238,0,8220.876,0.5518,0,2.328,238.6001,0.921
22734933,701440707,1.75E+12,LP,10/06/2025,21:30:00,1.6255,4472.108,0,8220.876,1.6462,0,7.058,233.2001,0.989
22734933,701440707,1.75E+12,LP,10/06/2025,21:15:00,0.1855,4471.701,0,8220.876,0.2108,0,0.897,234.2001,0.982
22734933,701440707,1.75E+12,LP,10/06/2025,21:00:00,0.6727,4471.654,0,8220.876,0.7229,0,3.082,235.3,0.538
22734933,701440707,1.75E+12,LP,10/06/2025,20:45:00,1.1586,4471.486,0,8220.876,1.23,0,5.299,232,0.933
22734933,701440707,1.75E+12,LP,10/06/2025,20:30:00,1.1809,4471.197,0,8220.876,1.2654,0,5.356,236.2001,0.9431
22734933,701440707,1.75E+12,LP,10/06/2025,20:15:00,1.1928,4470.901,0,8220.876,1.2722,0,5.4031,235.4,0.9391
22734933,701440707,1.75E+12,LP,10/06/2025,20:00:00,0.6427,4470.603,0,8220.876,0.7053,0,2.966,239.1001,0.9421
22734933,701440707,1.75E+12,LP,10/06/2025,19:45:00,2.2676,4470.442,0,8220.876,2.2809,0,9.753,235.6001,0.531
22734933,701440707,1.75E+12,LP,10/06/2025,19:30:00,3.2185,4469.876,0,8220.876,3.2344,0,13.828,233.9,0.995
22734933,701440707,1.75E+12,LP,10/06/2025,19:15:00,1.9377,4469.071,0,8220.876,1.9527,0,8.505,232.5,0.998
22734933,701440707,1.75E+12,LP,10/06/2025,19:00:00,0.0185,4468.586,0,8220.876,0.0347,0,0.145,238.3,0.54
22734933,701440707,1.75E+12,LP,10/06/2025,18:45:00,0.0335,4468.581,0,8220.876,0.2197,0,0.929,236.6001,0.531
22734933,701440707,1.75E+12,LP,10/06/2025,18:30:00,0.0205,4468.573,0.0054,8220.876,0.1998,0.0613,1.107,235.7001,0.134
22734933,701440707,1.75E+12,LP,10/06/2025,18:15:00,0,4468.568,0.0774,8220.875,0,0.2674,1.118,239.1001,-0.145
22734933,701440707,1.75E+12,LP,10/06/2025,18:00:00,0.2666,4468.568,0.0526,8220.856,0.2811,0.2154,2.087,239.1001,-0.217
22734933,701440707,1.75E+12,LP,10/06/2025,17:45:00,1.4222,4468.503,0,8220.843,1.4942,0,6.29,237.7001,0.9421
22734933,701440707,1.75E+12,LP,10/06/2025,17:30:00,1.2307,4468.147,0,8220.843,1.3054,0,5.463,238.9,0.9461
22734933,701440707,1.75E+12,LP,10/06/2025,17:15:00,1.1486,4467.84,0,8220.843,1.2238,0,5.128,238.6001,0.9461
22734933,701440707,1.75E+12,LP,10/06/2025,17:00:00,1.0876,4467.553,0,8220.843,1.1605,0,4.915,236.1001,0.934
22734933,701440707,1.75E+12,LP,10/06/2025,16:45:00,1.1275,4467.281,0,8220.843,1.2022,0,5.103,235.5,0.9421
22734933,701440707,1.75E+12,LP,10/06/2025,16:30:00,0.9592,4466.999,0,8220.843,1.0488,0,4.409,237.8,0.927
22734933,701440707,1.75E+12,LP,10/06/2025,16:15:00,0.921,4466.759,0,8220.843,1.0113,0,4.248,238.1001,0.901
22734933,701440707,1.75E+12,LP,10/06/2025,16:00:00,3.0509,4466.529,0,8220.843,3.1065,0,13.564,231.9,0.936
22734933,701440707,1.75E+12,LP,10/06/2025,15:45:00,0.9615,4465.768,0.7025,8220.843,1.0216,0.7175,7.279,241.9,0.988
22734933,701440707,1.75E+12,LP,10/06/2025,15:30:00,0.788,4465.528,0.0002,8220.669,0.919,0.0027,3.773,244.4,0.794
22734933,701440707,1.75E+12,LP,10/06/2025,15:15:00,1.8076,4465.3331,0,8220.669,1.8572,0,7.698,241.6001,1
22734933,701440707,1.75E+12,LP,10/06/2025,15:00:00,1.731,4464.881,0,8220.669,1.781,0,7.333,242.9,0.923
22734933,701440707,1.75E+12,LP,10/06/2025,14:45:00,0.1444,4464.448,1.5856,8220.669,0.1519,1.591,6.985,249.3,0.905
22734933,701440707,1.75E+12,LP,10/06/2025,14:30:00,0,4464.412,1.5824,8220.274,0,1.5902,6.4111,247.9,-0.997
22734933,701440707,1.75E+12,LP,10/06/2025,14:15:00,0,4464.412,1.0852,8219.878,0,1.104,4.556,241.4,-0.983
22734933,701440707,1.75E+12,LP,10/06/2025,14:00:00,0,4464.412,2.2359,8219.607,0,2.2461,8.987,248.5,-0.995
22734933,701440707,1.75E+12,LP,10/06/2025,13:45:00,0.0018,4464.412,3.0212,8219.047,0.0053,3.0302,12.148,248.9,-0.665
22734933,701440707,1.75E+12,LP,10/06/2025,13:30:00,0,4464.412,2.5287,8218.295,0,2.5375,10.193,248.5,-0.996
22734933,701440707,1.75E+12,LP,10/06/2025,13:15:00,0.007,4464.412,2.5609,8217.66,0.0148,2.5609,10.189,249.3,-0.99
22734933,701440707,1.75E+12,LP,10/06/2025,13:00:00,0.0018,4464.411,1.2474,8217.0231,0.0055,1.2645,5.1931,243.3,-1
22734933,701440707,1.75E+12,LP,10/06/2025,12:45:00,0.0024,4464.411,2.5315,8216.711,0.0066,2.5462,10.226,249,-0.996
22734933,701440707,1.75E+12,LP,10/06/2025,12:30:00,0.0016,4464.411,2.5594,8216.079,0.0053,2.5687,10.263,249.1001,-0.998
22734933,701440707,1.75E+12,LP,10/06/2025,12:15:00,0.0019,4464.411,2.2248,8215.4421,0.0055,2.2393,9.0721,245.1001,-0.996
22734933,701440707,1.75E+12,LP,10/06/2025,12:00:00,0.0074,4464.411,1.5252,8214.885,0.0162,1.5373,6.19,248.6001,-0.982
22734933,701440707,1.75E+12,LP,10/06/2025,11:45:00,0.0019,4464.409,2.5325,8214.503,0.0054,2.544,10.146,249,-0.998
22734933,701440707,1.75E+12,LP,10/06/2025,11:30:00,0,4464.409,2.9172,8213.87,0,2.9224,11.813,247.1001,-0.998
22734933,701440707,1.75E+12,LP,10/06/2025,11:15:00,0,4464.409,2.2088,8213.14,0,2.2143,9.114,242.9,-0.997
22734933,701440707,1.75E+12,LP,10/06/2025,11:00:00,0,4464.409,1.4269,8212.588,0,1.4394,5.956,242,-0.997
22734933,701440707,1.75E+12,LP,10/06/2025,10:45:00,0.7657,4464.409,0.6171,8212.231,0.7797,0.63,5.889,240.7001,-0.857
22734933,701440707,1.75E+12,LP,10/06/2025,10:30:00,1.9486,4464.218,0,8212.077,1.988,0,8.366,237.6001,1
22734933,701440707,1.75E+12,LP,10/06/2025,10:15:00,2.0087,4463.731,0,8212.077,2.045,0,8.562,238.8,0.979
22734933,701440707,1.75E+12,LP,10/06/2025,10:00:00,1.9259,4463.229,0,8212.077,1.9614,0,8.392,233.6001,0.982
22734933,701440707,1.75E+12,LP,10/06/2025,09:45:00,2.1453,4462.7481,0,8212.077,2.1799,0,9.398,231.9,0.986
22734933,701440707,1.75E+12,LP,10/06/2025,09:30:00,1.3909,4462.212,0.3418,8212.077,1.4137,0.3483,7.614,232.5,0.985
22734933,701440707,1.75E+12,LP,10/06/2025,09:15:00,0,4461.8641,0.935,8211.992,0,0.9491,3.977,238.6001,-0.985
22734933,701440707,1.75E+12,LP,10/06/2025,09:00:00,0,4461.8641,0.8693,8211.758,0,0.886,3.738,236.8,-0.947
22734933,701440707,1.75E+12,LP,10/06/2025,08:45:00,0,4461.8641,0.976,8211.5411,0,0.9887,4.173,236.9,-0.989
22734933,701440707,1.75E+12,LP,10/06/2025,08:30:00,0,4461.8641,0.8218,8211.297,0,0.8405,3.479,241.5,-0.975
22734933,701440707,1.75E+12,LP,10/06/2025,08:15:00,0.0235,4461.8641,0.66,8211.091,0.0683,0.6905,3.148,240.3,-0.943
22734933,701440707,1.75E+12,LP,10/06/2025,08:00:00,0.1789,4461.859,0.3799,8210.927,0.2383,0.4,2.661,239.7001,-0.986
22734933,701440707,1.75E+12,LP,10/06/2025,07:45:00,0.0312,4461.8151,0.4255,8210.833,0.046,0.481,2.195,239.9,-0.984
22734933,701440707,1.75E+12,LP,10/06/2025,07:30:00,0.0037,4461.807,0.9632,8210.727,0.0147,0.991,4.18,240.5,-0.253
22734933,701440707,1.75E+12,LP,10/06/2025,07:15:00,0.0605,4461.807,0.4343,8210.4871,0.1348,0.4473,2.4131,241.1001,-0.994
22734933,701440707,1.75E+12,LP,10/06/2025,07:00:00,0.211,4461.793,0.3167,8210.379,0.2237,0.343,2.363,240.1001,-0.951
22734933,701440707,1.75E+12,LP,10/06/2025,06:45:00,0.0867,4461.74,0.1905,8210.3,0.0918,0.2671,1.489,241.2001,0.9521
22734933,701440707,1.75E+12,LP,10/06/2025,06:30:00,0.3471,4461.719,0.0579,8210.252,0.3573,0.1597,2.165,239.6001,-0.536
22734933,701440707,1.75E+12,LP,10/06/2025,06:15:00,0.0054,4461.6321,0.0132,8210.238,0.0474,0.1499,0.8181,241.4,-0.138
22734933,701440707,1.75E+12,LP,10/06/2025,06:00:00,0.0305,4461.631,0,8210.235,0.0407,0,0.167,243.3,0.5631
22734933,701440707,1.75E+12,LP,10/06/2025,05:45:00,0.3843,4461.6231,0,8210.235,0.4145,0,1.727,241.5,0.892
22734933,701440707,1.75E+12,LP,10/06/2025,05:30:00,0.2908,4461.528,0,8210.235,0.3112,0,1.295,240.8,0.874
22734933,701440707,1.75E+12,LP,10/06/2025,05:15:00,0.0449,4461.454,0,8210.235,0.0506,0,0.21,241.1001,0.887
22734933,701440707,1.75E+12,LP,10/06/2025,05:00:00,0.2882,4461.443,0,8210.235,0.308,0,1.288,241.1001,0.879
22734933,701440707,1.75E+12,LP,10/06/2025,04:45:00,0.2847,4461.371,0,8210.235,0.3072,0,1.28,241.3,0.889
22734933,701440707,1.75E+12,LP,10/06/2025,04:30:00,0.0448,4461.299,0,8210.235,0.0507,0,0.21,241.6001,0.887
22734933,701440707,1.75E+12,LP,10/06/2025,04:15:00,0.3244,4461.2881,0,8210.235,0.3483,0,1.451,241.6001,0.869
22734933,701440707,1.75E+12,LP,10/06/2025,04:00:00,0.2851,4461.207,0,8210.235,0.3095,0,1.287,241.3,0.886
22734933,701440707,1.75E+12,LP,10/06/2025,03:45:00,0.1398,4461.136,0,8210.235,0.1504,0,0.624,242.2001,0.858
22734933,701440707,1.75E+12,LP,10/06/2025,03:30:00,0.1987,4461.101,0,8210.235,0.2134,0,0.885,241.8,0.9391
22734933,701440707,1.75E+12,LP,10/06/2025,03:15:00,0.307,4461.052,0,8210.235,0.3278,0,1.366,241,0.893
22734933,701440707,1.75E+12,LP,10/06/2025,03:00:00,0.2992,4460.975,0,8210.235,0.3189,0,1.328,240.6001,0.916
22734933,701440707,1.75E+12,LP,10/06/2025,02:45:00,0.0502,4460.9001,0,8210.235,0.0541,0,0.224,241,0.883
22734933,701440707,1.75E+12,LP,10/06/2025,02:30:00,0.3289,4460.888,0,8210.235,0.3525,0,1.473,239.8,0.9491
22734933,701440707,1.75E+12,LP,10/06/2025,02:15:00,0.2912,4460.805,0,8210.235,0.31,0,1.299,239.9,0.896
22734933,701440707,1.75E+12,LP,10/06/2025,02:00:00,0.3481,4460.732,0,8210.235,0.3717,0,1.561,239.7001,0.867
22734933,701440707,1.75E+12,LP,10/06/2025,01:45:00,0.196,4460.644,0,8210.235,0.2104,0,0.877,240.1001,0.881
22734933,701440707,1.75E+12,LP,10/06/2025,01:30:00,0.2088,4460.5961,0,8210.235,0.2237,0,0.9391,239.6001,0.9461
22734933,701440707,1.75E+12,LP,10/06/2025,01:15:00,0.377,4460.543,0,8210.235,0.4035,0,1.693,239.5,0.888
22734933,701440707,1.75E+12,LP,10/06/2025,01:00:00,0.3379,4460.4491,0,8210.235,0.3585,0,1.5171,237.4,0.9481
22734933,701440707,1.75E+12,LP,10/06/2025,00:45:00,0.3359,4460.3641,0,8210.235,0.3558,0,1.508,238.1001,0.888
22734933,701440707,1.75E+12,LP,10/06/2025,00:30:00,0.3548,4460.281,0,8210.235,0.3757,0,1.581,238.5,0.873
22734933,701440707,1.75E+12,LP,10/06/2025,00:15:00,0.3765,4460.192,0,8210.235,0.3975,0,1.676,239,0.887
22734933,701440707,1.75E+12,LP,10/06/2025,00:00:00,0.3767,4460.098,0,8210.235,0.4025,0,1.707,237.2001,0.865
22734933,701440707,1.75E+12,LP,09/06/2025,23:45:00,0.3373,4460.004,0,8210.235,0.3563,0,1.5211,236.5,0.855
22734933,701440707,1.75E+12,LP,09/06/2025,23:30:00,0.2965,4459.92,0,8210.235,0.3178,0,1.361,234.3,0.9531
22734933,701440707,1.75E+12,LP,09/06/2025,23:15:00,0.3685,4459.8461,0,8210.235,0.3879,0,1.6541,234.9,0.9521
22734933,701440707,1.75E+12,LP,09/06/2025,23:00:00,0.3984,4459.753,0,8210.235,0.422,0,1.7871,237.2001,0.9501
22734933,701440707,1.75E+12,LP,09/06/2025,22:45:00,0.461,4459.654,0,8210.235,0.4873,0,2.049,238.7001,0.9511
22734933,701440707,1.75E+12,LP,09/06/2025,22:30:00,0.5334,4459.539,0,8210.235,0.5646,0,2.365,239.6001,0.9511
22734933,701440707,1.75E+12,LP,09/06/2025,22:15:00,0.5424,4459.406,0,8210.235,0.5724,0,2.4,238.9,0.9431
22734933,701440707,1.75E+12,LP,09/06/2025,22:00:00,0.5899,4459.27,0,8210.235,0.6271,0,2.619,240.4,0.9501
22734933,701440707,1.75E+12,LP,09/06/2025,21:45:00,1.0213,4459.122,0,8210.235,1.0864,0,4.553,238.6001,0.9501
22734933,701440707,1.75E+12,LP,09/06/2025,21:30:00,0.0181,4458.867,0,8210.235,0.0339,0,0.1431,236.4,0.532
22734933,701440707,1.75E+12,LP,09/06/2025,21:15:00,0.0181,4458.862,0,8210.235,0.0339,0,0.1421,237.7001,0.535
22734933,701440707,1.75E+12,LP,09/06/2025,21:00:00,0.1738,4458.858,0,8210.235,0.1965,0,0.8271,237.4,0.534
22734933,701440707,1.75E+12,LP,09/06/2025,20:45:00,0.1975,4458.814,0,8210.235,0.2215,0,0.93,238,0.911
22734933,701440707,1.75E+12,LP,09/06/2025,20:30:00,0.1973,4458.765,0,8210.235,0.2207,0,0.932,236.6001,0.915
22734933,701440707,1.75E+12,LP,09/06/2025,20:15:00,0.198,4458.715,0,8210.235,0.2225,0,0.928,239.6001,0.889
22734933,701440707,1.75E+12,LP,09/06/2025,20:00:00,0.198,4458.666,0,8210.235,0.2222,0,0.93,238.7001,0.913
22734933,701440707,1.75E+12,LP,09/06/2025,19:45:00,0.1968,4458.616,0,8210.235,0.2205,0,0.927,237.9,0.878
22734933,701440707,1.75E+12,LP,09/06/2025,19:30:00,0.2222,4458.567,0,8210.235,0.2472,0,1.042,237.2001,0.908
22734933,701440707,1.75E+12,LP,09/06/2025,19:15:00,1.9457,4458.512,0,8210.235,1.976,0,8.407,235.7001,0.98
22734933,701440707,1.75E+12,LP,09/06/2025,19:00:00,4.714,4458.0251,0,8210.235,4.7425,0,20.508,231.2001,0.993
22734933,701440707,1.75E+12,LP,09/06/2025,18:45:00,4.8273,4456.847,0,8210.235,4.8714,0,21.19,229.8,0.994
22734933,701440707,1.75E+12,LP,09/06/2025,18:30:00,1.8797,4455.64,0.0011,8210.235,1.98,0.032,8.64,236,0.983
22734933,701440707,1.75E+12,LP,09/06/2025,18:15:00,0.4716,4455.17,0.032,8210.235,0.496,0.1723,2.842,237.2001,-0.061
22734933,701440707,1.75E+12,LP,09/06/2025,18:00:00,1.2345,4455.052,0,8210.2281,1.3039,0,5.556,234.6001,0.9511
22734933,701440707,1.75E+12,LP,09/06/2025,17:45:00,1.1059,4454.744,0,8210.2281,1.1773,0,5.027,234.2001,0.9481
22734933,701440707,1.75E+12,LP,09/06/2025,17:30:00,0.9864,4454.467,0,8210.2281,1.0627,0,4.534,234.4,0.9381
22734933,701440707,1.75E+12,LP,09/06/2025,17:15:00,0.1645,4454.2211,0.4721,8210.2281,0.1958,0.5021,2.916,239.2001,0.911
22734933,701440707,1.75E+12,LP,09/06/2025,17:00:00,0,4454.18,0.8836,8210.109,0,0.8997,3.723,241.6001,-0.973
22734933,701440707,1.75E+12,LP,09/06/2025,16:45:00,0,4454.18,1.0767,8209.8891,0,1.0873,4.533,239.8,-0.981
22734933,701440707,1.75E+12,LP,09/06/2025,16:30:00,0,4454.18,0.9414,8209.619,0,0.9569,3.956,241.6001,-0.988
22734933,701440707,1.75E+12,LP,09/06/2025,16:15:00,0,4454.18,1.0392,8209.384,0,1.0523,4.353,241.4,-0.982
22734933,701440707,1.75E+12,LP,09/06/2025,16:00:00,0,4454.18,1.2138,8209.124,0,1.2237,5.067,241.3,-0.99
22734933,701440707,1.75E+12,LP,09/06/2025,15:45:00,0,4454.18,1.4597,8208.82,0,1.4671,5.971,245.5,-0.994
22734933,701440707,1.75E+12,LP,09/06/2025,15:30:00,0.0107,4454.18,0.757,8208.455,0.0344,0.8416,3.587,243.6001,-0.989
22734933,701440707,1.75E+12,LP,09/06/2025,15:15:00,0,4454.179,1.0194,8208.267,0,1.1044,4.48,245.8,-1
22734933,701440707,1.75E+12,LP,09/06/2025,15:00:00,0,4454.179,1.4029,8208.012,0,1.4477,5.846,247.5,-0.969
22734933,701440707,1.75E+12,LP,09/06/2025,14:45:00,0,4454.179,1.4197,8207.661,0,1.4637,5.948,245.8,-0.96
22734933,701440707,1.75E+12,LP,09/06/2025,14:30:00,0,4454.179,1.6672,8207.307,0,1.7054,6.892,247.4,-0.976
22734933,701440707,1.75E+12,LP,09/06/2025,14:15:00,0,4454.179,2.2593,8206.89,0,2.2867,9.2741,246.3,-0.973
22734933,701440707,1.75E+12,LP,09/06/2025,14:00:00,0.0013,4454.179,2.5089,8206.3261,0.0047,2.5234,10.131,248.2001,-0.999
22734933,701440707,1.75E+12,LP,09/06/2025,13:45:00,0.0004,4454.179,3.2079,8205.697,0.0005,3.2057,12.814,249.6001,0.5641
22734933,701440707,1.75E+12,LP,09/06/2025,13:30:00,0.0025,4454.179,2.4289,8204.899,0.007,2.4425,9.759,249.2001,-0.998
22734933,701440707,1.75E+12,LP,09/06/2025,13:15:00,0.019,4454.179,2.3559,8204.292,0.0278,2.3741,9.651,248,-0.999
22734933,701440707,1.75E+12,LP,09/06/2025,13:00:00,0.0485,4454.174,1.8212,8203.702,0.0608,1.8414,7.566,248.9,0.875
22734933,701440707,1.75E+12,LP,09/06/2025,12:45:00,0.0364,4454.1631,1.673,8203.2461,0.0456,1.6835,6.856,248.8,0.88
22734933,701440707,1.75E+12,LP,09/06/2025,12:30:00,0.0025,4454.155,2.495,8202.83,0.0066,2.5104,9.992,248.8,0.559
22734933,701440707,1.75E+12,LP,09/06/2025,12:15:00,0.0043,4454.155,2.0888,8202.2101,0.01,2.104,8.393,249.2001,-0.999
22734933,701440707,1.75E+12,LP,09/06/2025,12:00:00,0.005,4454.154,1.9669,8201.689,0.0113,1.9828,7.98,247.4,-0.999
22734933,701440707,1.75E+12,LP,09/06/2025,11:45:00,0.0027,4454.153,2.6248,8201.198,0.0074,2.6309,10.438,250.4,0.545
22734933,701440707,1.75E+12,LP,09/06/2025,11:30:00,0.3259,4454.153,0.9583,8200.545,0.351,1.0205,5.563,246.1001,-1
22734933,701440707,1.75E+12,LP,09/06/2025,11:15:00,0.7855,4454.077,0.894,8200.305,0.806,0.9349,7.1851,242.3,0.969
22734933,701440707,1.75E+12,LP,09/06/2025,11:00:00,0.4566,4453.8821,0.6009,8200.083,0.4935,0.655,4.731,243,-0.934
22734933,701440707,1.75E+12,LP,09/06/2025,10:45:00,0.9054,4453.772,0.4205,8199.936,0.947,0.476,5.793,246.8,-0.936
22734933,701440707,1.75E+12,LP,09/06/2025,10:30:00,0.0064,4453.5471,1.1842,8199.831,0.0159,1.2073,4.832,250.6001,0.548
22734933,701440707,1.75E+12,LP,09/06/2025,10:15:00,0.005,4453.546,2.0301,8199.535,0.0112,2.0395,8.1041,250.8,0.546
22734933,701440707,1.75E+12,LP,09/06/2025,10:00:00,0.0018,4453.545,2.2458,8199.029,0.005,2.2578,9.054,248.3,-1
22734933,701440707,1.75E+12,LP,09/06/2025,09:45:00,0.0041,4453.545,2.0635,8198.468,0.0094,2.0746,8.307,248.9,-0.998
22734933,701440707,1.75E+12,LP,09/06/2025,09:30:00,0,4453.545,1.9634,8197.954,0,1.9874,7.949,246.2001,-0.999
22734933,701440707,1.75E+12,LP,09/06/2025,09:15:00,0,4453.545,3.3313,8197.463,0,3.334,13.5081,246.1001,-0.987
22734933,701440707,1.75E+12,LP,09/06/2025,09:00:00,0,4453.545,2.9615,8196.631,0,2.966,12.151,243.4,-0.986
22734933,701440707,1.75E+12,LP,09/06/2025,08:45:00,0.438,4453.545,1.6925,8195.89,0.4518,1.6984,8.888,240.9,-0.997
22734933,701440707,1.75E+12,LP,09/06/2025,08:30:00,1.1295,4453.436,0,8195.4691,1.2345,0,5.176,239.7001,1
22734933,701440707,1.75E+12,LP,09/06/2025,08:15:00,0.76,4453.154,0.3773,8195.4691,0.8255,0.3765,4.99,240.2001,0.889
22734933,701440707,1.75E+12,LP,09/06/2025,08:00:00,0,4452.964,1.8654,8195.376,0,1.8714,7.718,242.5,-0.998
22734933,701440707,1.75E+12,LP,09/06/2025,07:45:00,0,4452.964,1.1795,8194.909,0,1.2023,4.9591,241.8,-0.997
22734933,701440707,1.75E+12,LP,09/06/2025,07:30:00,0,4452.964,1.1178,8194.614,0,1.1381,4.731,240.8,-0.996
22734933,701440707,1.75E+12,LP,09/06/2025,07:15:00,0,4452.964,0.4457,8194.3351,0,0.5071,2.078,243.3,-0.813
22734933,701440707,1.75E+12,LP,09/06/2025,07:00:00,0,4452.964,0.4308,8194.224,0,0.484,1.989,243.4,-0.916
22734933,701440707,1.75E+12,LP,09/06/2025,06:45:00,0,4452.964,0.2387,8194.116,0,0.3413,1.408,242.1001,-0.874
22734933,701440707,1.75E+12,LP,09/06/2025,06:30:00,0,4452.964,0.1373,8194.056,0,0.2885,1.196,241,-0.66
22734933,701440707,1.75E+12,LP,09/06/2025,06:15:00,0.5428,4452.964,0.0369,8194.022,0.5718,0.1756,3.119,240.9,-0.391
22734933,701440707,1.75E+12,LP,09/06/2025,06:00:00,1.0443,4452.829,0,8194.013,1.075,0,4.516,239,0.9591
22734933,701440707,1.75E+12,LP,09/06/2025,05:45:00,0.0639,4452.567,0,8194.013,0.0785,0,0.327,241.2001,0.559
22734933,701440707,1.75E+12,LP,09/06/2025,05:30:00,0.0185,4452.551,0,8194.013,0.0337,0,0.1411,237.8,0.552
22734933,701440707,1.75E+12,LP,09/06/2025,05:15:00,0.859,4452.546,0,8194.013,0.8793,0,3.745,235.9,0.54
22734933,701440707,1.75E+12,LP,09/06/2025,05:00:00,1.6174,4452.331,0,8194.013,1.6381,0,6.997,234,0.988
22734933,701440707,1.75E+12,LP,09/06/2025,04:45:00,0.169,4451.927,0,8194.013,0.1945,0,0.8301,234.6001,0.979
22734933,701440707,1.75E+12,LP,09/06/2025,04:30:00,0.0183,4451.884,0,8194.013,0.0337,0,0.1421,236.4,0.546
22734933,701440707,1.75E+12,LP,09/06/2025,04:15:00,0.0198,4451.88,0,8194.013,0.0347,0,0.145,238.5,0.547
22734933,701440707,1.75E+12,LP,09/06/2025,04:00:00,0.3068,4451.875,0,8194.013,0.3244,0,1.367,237.9,0.881
22734933,701440707,1.75E+12,LP,09/06/2025,03:45:00,0.3425,4451.798,0,8194.013,0.3612,0,1.5291,237.2001,0.866
22734933,701440707,1.75E+12,LP,09/06/2025,03:30:00,0.0449,4451.712,0,8194.013,0.0505,0,0.212,238.1001,0.876
22734933,701440707,1.75E+12,LP,09/06/2025,03:15:00,0.3513,4451.701,0,8194.013,0.3708,0,1.572,236.8,0.882
22734933,701440707,1.75E+12,LP,09/06/2025,03:00:00,0.3438,4451.613,0,8194.013,0.3677,0,1.558,236.9,0.876
22734933,701440707,1.75E+12,LP,09/06/2025,02:45:00,0.0448,4451.527,0,8194.013,0.0504,0,0.212,237.2001,0.892
22734933,701440707,1.75E+12,LP,09/06/2025,02:30:00,0.3418,4451.5161,0,8194.013,0.3628,0,1.518,239.9,0.884
22734933,701440707,1.75E+12,LP,09/06/2025,02:15:00,0.3705,4451.43,0,8194.013,0.3943,0,1.641,240.6001,0.885
22734933,701440707,1.75E+12,LP,09/06/2025,02:00:00,0.2821,4451.338,0,8194.013,0.3015,0,1.2511,242.1001,0.895
22734933,701440707,1.75E+12,LP,09/06/2025,01:45:00,0.0742,4451.267,0,8194.013,0.0866,0,0.359,241.7001,0.9451
22734933,701440707,1.75E+12,LP,09/06/2025,01:30:00,0.356,4451.2481,0,8194.013,0.3802,0,1.582,240.7001,0.879
22734933,701440707,1.75E+12,LP,09/06/2025,01:15:00,0.367,4451.159,0,8194.013,0.3914,0,1.633,241,0.876
22734933,701440707,1.75E+12,LP,09/06/2025,01:00:00,0.3582,4451.067,0,8194.013,0.3789,0,1.587,240.4,0.905
22734933,701440707,1.75E+12,LP,09/06/2025,00:45:00,0.0449,4450.978,0,8194.013,0.051,0,0.212,240.2001,0.887
22734933,701440707,1.75E+12,LP,09/06/2025,00:30:00,0.4,4450.967,0,8194.013,0.425,0,1.78,239.6001,0.868
22734933,701440707,1.75E+12,LP,09/06/2025,00:15:00,0.4192,4450.867,0,8194.013,0.444,0,1.853,240.6001,0.889
22734933,701440707,1.75E+12,LP,09/06/2025,00:00:00,0.37,4450.763,0,8194.013,0.3921,0,1.643,240.2001,0.864
22734933,701440707,1.75E+12,LP,08/06/2025,23:45:00,0.3775,4450.67,0,8194.013,0.3984,0,1.686,238.7001,0.853
22734933,701440707,1.75E+12,LP,08/06/2025,23:30:00,0.2679,4450.576,0,8194.013,0.2832,0,1.199,237.5,0.863
22734933,701440707,1.75E+12,LP,08/06/2025,23:15:00,0.3334,4450.51,0,8194.013,0.3535,0,1.495,237,0.9531
22734933,701440707,1.75E+12,LP,08/06/2025,23:00:00,0.3299,4450.427,0,8194.013,0.3503,0,1.479,238.3,0.9531
22734933,701440707,1.75E+12,LP,08/06/2025,22:45:00,0.421,4450.344,0,8194.013,0.4472,0,1.8841,237.9,0.9491
22734933,701440707,1.75E+12,LP,08/06/2025,22:30:00,0.3728,4450.2391,0,8194.013,0.3974,0,1.655,242.7001,0.9501
22734933,701440707,1.75E+12,LP,08/06/2025,22:15:00,0.5187,4450.145,0,8194.013,0.5524,0,2.297,241.4,0.883
22734933,701440707,1.75E+12,LP,08/06/2025,22:00:00,0.493,4450.015,0,8194.013,0.5264,0,2.195,240.4,0.852
22734933,701440707,1.75E+12,LP,08/06/2025,21:45:00,0.5873,4449.892,0,8194.013,0.6221,0,2.609,239.8,0.849
22734933,701440707,1.75E+12,LP,08/06/2025,21:30:00,1.0226,4449.745,0,8194.013,1.08,0,4.5201,239.1001,0.845
22734933,701440707,1.75E+12,LP,08/06/2025,21:15:00,0.4333,4449.491,0,8194.013,0.4801,0,2,240.8,0.9401
22734933,701440707,1.75E+12,LP,08/06/2025,21:00:00,0.1997,4449.3821,0,8194.013,0.2247,0,0.928,241.8,0.903
22734933,701440707,1.75E+12,LP,08/06/2025,20:45:00,0.1997,4449.332,0,8194.013,0.2247,0,0.929,241.7001,0.909
22734933,701440707,1.75E+12,LP,08/06/2025,20:30:00,0.1433,4449.282,0,8194.013,0.1663,0,0.684,243.1001,0.884
22734933,701440707,1.75E+12,LP,08/06/2025,20:15:00,0.0185,4449.246,0,8194.013,0.0345,0,0.1431,241,0.535
22734933,701440707,1.75E+12,LP,08/06/2025,20:00:00,0.0183,4449.241,0,8194.013,0.0344,0,0.1441,238.7001,0.531
22734933,701440707,1.75E+12,LP,08/06/2025,19:45:00,0.0185,4449.237,0,8194.013,0.0344,0,0.1431,239.6001,0.536
22734933,701440707,1.75E+12,LP,08/06/2025,19:30:00,0.0183,4449.232,0,8194.013,0.0342,0,0.1431,238.7001,0.542
22734933,701440707,1.75E+12,LP,08/06/2025,19:15:00,0.0183,4449.228,0,8194.013,0.0342,0,0.1431,238.1001,0.531
22734933,701440707,1.75E+12,LP,08/06/2025,19:00:00,0.0183,4449.223,0,8194.013,0.0344,0,0.1441,238.1001,0.535
22734933,701440707,1.75E+12,LP,08/06/2025,18:45:00,0.0362,4449.218,0,8194.013,0.2572,0,1.079,238.3,0.527
22734933,701440707,1.75E+12,LP,08/06/2025,18:30:00,0.0253,4449.209,0,8194.013,0.2705,0.0002,1.129,239.8,0.121
22734933,701440707,1.75E+12,LP,08/06/2025,18:15:00,0.0001,4449.203,0.0255,8194.013,0.0243,0.2373,1.098,238.1001,0.031
22734933,701440707,1.75E+12,LP,08/06/2025,18:00:00,0,4449.203,0.1182,8194.006,0,0.279,1.17,238.4,-0.214
22734933,701440707,1.75E+12,LP,08/06/2025,17:45:00,0,4449.203,0.223,8193.977,0,0.3285,1.364,240.8,-0.716
22734933,701440707,1.75E+12,LP,08/06/2025,17:30:00,0,4449.203,0.361,8193.921,0,0.4242,1.766,240,-0.787
22734933,701440707,1.75E+12,LP,08/06/2025,17:15:00,0,4449.203,0.5919,8193.831,0,0.6265,2.59,241.8,-0.911
22734933,701440707,1.75E+12,LP,08/06/2025,17:00:00,0,4449.203,0.7614,8193.683,0,0.7828,3.254,240.4,-0.981
22734933,701440707,1.75E+12,LP,08/06/2025,16:45:00,0,4449.203,0.7897,8193.493,0,0.81,3.384,239.2001,-0.965
22734933,701440707,1.75E+12,LP,08/06/2025,16:30:00,0,4449.203,1.0544,8193.295,0,1.0668,4.466,238.8,-0.988
22734933,701440707,1.75E+12,LP,08/06/2025,16:15:00,0,4449.203,0.9812,8193.0321,0,0.9954,4.1531,239.5,-0.977
22734933,701440707,1.75E+12,LP,08/06/2025,16:00:00,0,4449.203,1.0342,8192.786,0,1.0467,4.351,240.4,-0.988
22734933,701440707,1.75E+12,LP,08/06/2025,15:45:00,0,4449.203,1.6352,8192.528,0,1.6422,6.7331,243.7001,-0.989
22734933,701440707,1.75E+12,LP,08/06/2025,15:30:00,0,4449.203,2.3823,8192.119,0,2.3863,9.662,246.7001,-0.998
22734933,701440707,1.75E+12,LP,08/06/2025,15:15:00,0,4449.203,2.6428,8191.524,0,2.6488,10.667,248.1001,-0.999
22734933,701440707,1.75E+12,LP,08/06/2025,15:00:00,0.0016,4449.203,2.5548,8190.863,0.0054,2.5649,10.275,248.3,-0.989
22734933,701440707,1.75E+12,LP,08/06/2025,14:45:00,0.001,4449.203,2.3623,8190.228,0.004,2.3785,9.57,247.9,-1
22734933,701440707,1.75E+12,LP,08/06/2025,14:30:00,0.0011,4449.203,3.149,8189.636,0.0022,3.1518,12.5881,249.7001,0.542
22734933,701440707,1.75E+12,LP,08/06/2025,14:15:00,0.002,4449.203,2.4384,8188.852,0.006,2.4506,9.867,247.9,-0.998
22734933,701440707,1.75E+12,LP,08/06/2025,14:00:00,0,4449.203,3.0573,8188.243,0,3.0613,12.254,248.2001,-0.998
22734933,701440707,1.75E+12,LP,08/06/2025,13:45:00,0.0199,4449.203,2.0844,8187.479,0.0291,2.1074,8.586,246.8,-0.997
22734933,701440707,1.75E+12,LP,08/06/2025,13:30:00,0,4449.1991,3.8063,8186.9581,0,3.8172,15.329,248,-1
22734933,701440707,1.75E+12,LP,08/06/2025,13:15:00,0,4449.1991,2.9622,8186.0071,0,2.9727,11.992,246.6001,-1
22734933,701440707,1.75E+12,LP,08/06/2025,13:00:00,0.0187,4449.1991,2.3248,8185.265,0.0288,2.3475,9.442,250.2001,-0.992
22734933,701440707,1.75E+12,LP,08/06/2025,12:45:00,0.0192,4449.194,2.3483,8184.683,0.0291,2.3643,9.544,249.4,-0.983
22734933,701440707,1.75E+12,LP,08/06/2025,12:30:00,0.0019,4449.1901,2.2254,8184.094,0.0061,2.2393,8.965,248.7001,-0.993
22734933,701440707,1.75E+12,LP,08/06/2025,12:15:00,0.0025,4449.1901,2.3849,8183.537,0.0064,2.4045,9.576,249.4,-0.988
22734933,701440707,1.75E+12,LP,08/06/2025,12:00:00,0.0018,4449.1901,2.2938,8182.942,0.0054,2.3069,9.221,248.8,-0.909
22734933,701440707,1.75E+12,LP,08/06/2025,11:45:00,0.0359,4449.1901,1.1503,8182.368,0.0587,1.2467,5.256,246.7001,-0.992
22734933,701440707,1.75E+12,LP,08/06/2025,11:30:00,1.0702,4449.182,0.5785,8182.081,1.1038,0.6284,7.098,245.3,-0.847
22734933,701440707,1.75E+12,LP,08/06/2025,11:15:00,0,4448.916,0.8352,8181.939,0,0.9472,3.827,247,-0.974
22734933,701440707,1.75E+12,LP,08/06/2025,11:00:00,0.3067,4448.916,0.7865,8181.7301,0.3355,0.8537,4.8021,247.6001,-0.932
22734933,701440707,1.75E+12,LP,08/06/2025,10:45:00,0.4213,4448.841,0.2871,8181.536,0.4786,0.3592,3.419,245.8,-0.874
22734933,701440707,1.75E+12,LP,08/06/2025,10:30:00,0.0004,4448.737,3.2384,8181.4671,0.0008,3.243,12.9631,249.8,0.555
22734933,701440707,1.75E+12,LP,08/06/2025,10:15:00,0,4448.737,3.3635,8180.657,0,3.3695,13.541,248.6001,-0.999
22734933,701440707,1.75E+12,LP,08/06/2025,10:00:00,0.0019,4448.737,1.4397,8179.8151,0.0054,1.4549,5.9191,245.2001,-0.972
22734933,701440707,1.75E+12,LP,08/06/2025,09:45:00,0,4448.737,3.2639,8179.454,0,3.2673,13.1491,247.6001,-0.991
22734933,701440707,1.75E+12,LP,08/06/2025,09:30:00,0,4448.737,3.1295,8178.64,0,3.134,12.717,245.8,-0.999
22734933,701440707,1.75E+12,LP,08/06/2025,09:15:00,0,4448.737,2.8094,8177.857,0,2.8165,11.285,249.1001,-0.999
22734933,701440707,1.75E+12,LP,08/06/2025,09:00:00,0.0016,4448.737,2.0472,8177.153,0.0051,2.0635,8.242,250,-0.988
22734933,701440707,1.75E+12,LP,08/06/2025,08:45:00,0.0015,4448.737,2.1351,8176.642,0.0046,2.1497,8.611,249.2001,-0.992
22734933,701440707,1.75E+12,LP,08/06/2025,08:30:00,0,4448.737,2.2694,8176.108,0,2.2755,9.18,247.4,-0.976
22734933,701440707,1.75E+12,LP,08/06/2025,08:15:00,0,4448.737,1.5527,8175.541,0,1.5694,6.324,246.7001,-1
22734933,701440707,1.75E+12,LP,08/06/2025,08:00:00,0,4448.737,2.2081,8175.153,0,2.2139,8.893,248.7001,-1
22734933,701440707,1.75E+12,LP,08/06/2025,07:45:00,0.0616,4448.737,0.881,8174.6011,0.0829,0.946,4.1931,244.9,-0.996
22734933,701440707,1.75E+12,LP,08/06/2025,07:30:00,0.1205,4448.722,0.0335,8174.381,0.2717,0.1419,1.709,242.1001,0.856
22734933,701440707,1.75E+12,LP,08/06/2025,07:15:00,0.7333,4448.694,0,8174.375,0.8465,0,3.569,237.4,0.397
22734933,701440707,1.75E+12,LP,08/06/2025,07:00:00,0.9121,4448.51,0,8174.375,1.0005,0,4.227,236.6001,0.906
22734933,701440707,1.75E+12,LP,08/06/2025,06:45:00,1.3099,4448.282,0,8174.375,1.3784,0,5.846,235.7001,0.9491
22734933,701440707,1.75E+12,LP,08/06/2025,06:30:00,0.2179,4447.955,0.0864,8174.375,0.2619,0.1925,1.903,238.9,0.934
22734933,701440707,1.75E+12,LP,08/06/2025,06:15:00,0,4447.901,0.0356,8174.353,0.0243,0.2353,1.087,238.6001,-0.32
22734933,701440707,1.75E+12,LP,08/06/2025,06:00:00,0.0159,4447.901,0,8174.345,0.0562,0,0.2381,235.7001,0.011
22734933,701440707,1.75E+12,LP,08/06/2025,05:45:00,0.0268,4447.897,0,8174.345,0.039,0,0.165,235.3,0.546
22734933,701440707,1.75E+12,LP,08/06/2025,05:30:00,0.2139,4447.89,0,8174.345,0.2277,0,0.97,236,0.864
22734933,701440707,1.75E+12,LP,08/06/2025,05:15:00,0.5474,4447.837,0,8174.345,0.5799,0,2.466,235.5,0.9561
22734933,701440707,1.75E+12,LP,08/06/2025,05:00:00,0.2793,4447.7,0,8174.345,0.2977,0,1.27,235.6001,0.863
22734933,701440707,1.75E+12,LP,08/06/2025,04:45:00,0.1057,4447.629,0,8174.345,0.1145,0,0.485,236.8,0.852
22734933,701440707,1.75E+12,LP,08/06/2025,04:30:00,0.2545,4447.603,0,8174.345,0.2709,0,1.1501,236.6001,0.9511
22734933,701440707,1.75E+12,LP,08/06/2025,04:15:00,0.3082,4447.539,0,8174.345,0.3265,0,1.385,236.9,0.881
22734933,701440707,1.75E+12,LP,08/06/2025,04:00:00,0.0445,4447.462,0,8174.345,0.0505,0,0.213,237,0.886
22734933,701440707,1.75E+12,LP,08/06/2025,03:45:00,0.3732,4447.451,0,8174.345,0.3945,0,1.675,235.9,0.88
22734933,701440707,1.75E+12,LP,08/06/2025,03:30:00,0.3153,4447.357,0,8174.345,0.3355,0,1.414,237.3,0.875
22734933,701440707,1.75E+12,LP,08/06/2025,03:15:00,0.1199,4447.278,0,8174.345,0.1299,0,0.541,239.9,0.865
22734933,701440707,1.75E+12,LP,08/06/2025,03:00:00,0.253,4447.249,0,8174.345,0.271,0,1.131,240.1001,0.9471
22734933,701440707,1.75E+12,LP,08/06/2025,02:45:00,0.3057,4447.185,0,8174.345,0.3271,0,1.364,240.2001,0.871
22734933,701440707,1.75E+12,LP,08/06/2025,02:30:00,0.3224,4447.109,0,8174.345,0.3428,0,1.441,239.6001,0.863
22734933,701440707,1.75E+12,LP,08/06/2025,02:15:00,0.1032,4447.028,0,8174.345,0.1115,0,0.467,240,0.864
22734933,701440707,1.75E+12,LP,08/06/2025,02:00:00,0.2695,4447.002,0,8174.345,0.2885,0,1.205,241.3,0.9471
22734933,701440707,1.75E+12,LP,08/06/2025,01:45:00,0.3677,4446.934,0,8174.345,0.3929,0,1.629,242,0.874
22734933,701440707,1.75E+12,LP,08/06/2025,01:30:00,0.3426,4446.842,0,8174.345,0.3678,0,1.508,244.2001,0.87
22734933,701440707,1.75E+12,LP,08/06/2025,01:15:00,0.0944,4446.7571,0,8174.345,0.1037,0,0.425,245.4,0.862
22734933,701440707,1.75E+12,LP,08/06/2025,01:00:00,0.3563,4446.734,0,8174.345,0.3824,0,1.576,243.7001,0.9411
22734933,701440707,1.75E+12,LP,08/06/2025,00:45:00,0.452,4446.644,0,8174.345,0.4845,0,2.003,242.9,0.894
22734933,701440707,1.75E+12,LP,08/06/2025,00:30:00,0.3773,4446.53,0,8174.345,0.4021,0,1.677,241.2001,0.874
22734933,701440707,1.75E+12,LP,08/06/2025,00:15:00,0.2382,4446.436,0,8174.345,0.2548,0,1.062,241.5,0.876
22734933,701440707,1.75E+12,LP,08/06/2025,00:00:00,0.2232,4446.376,0,8174.345,0.2398,0,1.0131,237.1001,0.9441
22734933,701440707,1.75E+12,LP,07/06/2025,23:45:00,0.3885,4446.32,0,8174.345,0.4121,0,1.74,237.8,0.9551
22734933,701440707,1.75E+12,LP,07/06/2025,23:30:00,0.4208,4446.223,0,8174.345,0.4434,0,1.8781,237.4,0.871
22734933,701440707,1.75E+12,LP,07/06/2025,23:15:00,0.4113,4446.118,0,8174.345,0.4353,0,1.843,237.6001,0.863
22734933,701440707,1.75E+12,LP,07/06/2025,23:00:00,0.4108,4446.015,0,8174.345,0.4373,0,1.837,239,0.849
22734933,701440707,1.75E+12,LP,07/06/2025,22:45:00,0.4158,4445.9131,0,8174.345,0.4433,0,1.874,237.8,0.854
22734933,701440707,1.75E+12,LP,07/06/2025,22:30:00,0.4018,4445.808,0,8174.345,0.4258,0,1.804,236.9,0.849
22734933,701440707,1.75E+12,LP,07/06/2025,22:15:00,0.4457,4445.7081,0,8174.345,0.4743,0,2.011,236.8,0.856
22734933,701440707,1.75E+12,LP,07/06/2025,22:00:00,0.506,4445.5961,0,8174.345,0.5331,0,2.269,235.6001,0.858
22734933,701440707,1.75E+12,LP,07/06/2025,21:45:00,0.7994,4445.47,0,8174.345,0.8212,0,3.5061,234.4,0.936
22734933,701440707,1.75E+12,LP,07/06/2025,21:30:00,1.0693,4445.27,0,8174.345,1.0964,0,4.702,233.3,0.9551
22734933,701440707,1.75E+12,LP,07/06/2025,21:15:00,0.7082,4445.004,0,8174.345,0.739,0,3.1511,234.9,0.973
22734933,701440707,1.75E+12,LP,07/06/2025,21:00:00,0.0181,4444.826,0,8174.345,0.0344,0,0.145,236,0.526
22734933,701440707,1.75E+12,LP,07/06/2025,20:45:00,0.0195,4444.821,0,8174.345,0.0365,0,0.154,237.2001,0.53
22734933,701440707,1.75E+12,LP,07/06/2025,20:30:00,0.0195,4444.816,0,8174.345,0.0365,0,0.153,239,0.54
22734933,701440707,1.75E+12,LP,07/06/2025,20:15:00,0.0195,4444.812,0,8174.345,0.0365,0,0.153,237.9,0.532
22734933,701440707,1.75E+12,LP,07/06/2025,20:00:00,0.0193,4444.807,0,8174.345,0.0364,0,0.154,236.7001,0.535
22734933,701440707,1.75E+12,LP,07/06/2025,19:45:00,0.0193,4444.802,0,8174.345,0.0361,0,0.153,236,0.537
22734933,701440707,1.75E+12,LP,07/06/2025,19:30:00,0.0193,4444.7971,0,8174.345,0.0361,0,0.152,236.6001,0.534
22734933,701440707,1.75E+12,LP,07/06/2025,19:15:00,0.0193,4444.792,0,8174.345,0.0362,0,0.154,234.7001,0.531
22734933,701440707,1.75E+12,LP,07/06/2025,19:00:00,0.0225,4444.787,0,8174.345,0.0708,0,0.301,234.4,0.528
22734933,701440707,1.75E+12,LP,07/06/2025,18:45:00,0.0402,4444.782,0,8174.345,0.27,0,1.1361,237.5,0.154
22734933,701440707,1.75E+12,LP,07/06/2025,18:30:00,0.2247,4444.772,0,8174.345,0.4504,0,1.879,240.2001,0.164
22734933,701440707,1.75E+12,LP,07/06/2025,18:15:00,1.3852,4444.716,0,8174.345,1.4565,0,6.117,238,0.9491
22734933,701440707,1.75E+12,LP,07/06/2025,18:00:00,1.2879,4444.369,0,8174.345,1.3627,0,5.692,239.4,0.9501
22734933,701440707,1.75E+12,LP,07/06/2025,17:45:00,1.1492,4444.0471,0,8174.345,1.2245,0,5.157,237.4,0.9431
22734933,701440707,1.75E+12,LP,07/06/2025,17:30:00,1.049,4443.76,0,8174.345,1.1261,0,4.763,236.4,0.928
22734933,701440707,1.75E+12,LP,07/06/2025,17:15:00,0.7857,4443.4981,0,8174.345,0.879,0,3.709,236.9,0.909
22734933,701440707,1.75E+12,LP,07/06/2025,17:00:00,0.5442,4443.301,0,8174.345,0.6617,0,2.771,238.8,0.879
22734933,701440707,1.75E+12,LP,07/06/2025,16:45:00,0.5379,4443.165,0,8174.345,0.6565,0,2.738,239.8,0.8221
22734933,701440707,1.75E+12,LP,07/06/2025,16:30:00,0.2523,4443.031,0,8174.345,0.4599,0.0029,1.9161,241.9,0.878
22734933,701440707,1.75E+12,LP,07/06/2025,16:15:00,0.2942,4442.968,0.0605,8174.345,0.4143,0.1015,2.1431,240.9,0.81
22734933,701440707,1.75E+12,LP,07/06/2025,16:00:00,0.2842,4442.896,0.1785,8174.332,0.3463,0.2445,2.467,239.7001,-0.69
22734933,701440707,1.75E+12,LP,07/06/2025,15:45:00,0.0043,4442.826,0.7797,8174.289,0.0114,0.8455,3.539,242,-0.741
22734933,701440707,1.75E+12,LP,07/06/2025,15:30:00,0.0316,4442.826,0.7911,8174.094,0.0568,0.851,3.7601,240.8,-0.935
22734933,701440707,1.75E+12,LP,07/06/2025,15:15:00,0.039,4442.82,1.2138,8173.898,0.0605,1.2551,5.394,243.2001,-0.967
22734933,701440707,1.75E+12,LP,07/06/2025,15:00:00,1.5179,4442.812,0.2156,8173.5961,1.6045,0.227,7.688,239.2001,-1
22734933,701440707,1.75E+12,LP,07/06/2025,14:45:00,1.8002,4442.434,0,8173.5431,1.9087,0,7.99,239.7001,1
22734933,701440707,1.75E+12,LP,07/06/2025,14:30:00,1.9963,4441.984,0,8173.5431,2.097,0,8.756,240.6001,0.804
22734933,701440707,1.75E+12,LP,07/06/2025,14:15:00,1.512,4441.485,0.0164,8173.5431,1.6475,0.0347,6.972,242.3,0.9391
22734933,701440707,1.75E+12,LP,07/06/2025,14:00:00,0.3797,4441.108,0.3012,8173.54,0.4168,0.3478,3.112,245.4,-0.677
22734933,701440707,1.75E+12,LP,07/06/2025,13:45:00,0.0037,4441.015,1.5824,8173.468,0.0091,1.5964,6.343,251.3,-0.997
22734933,701440707,1.75E+12,LP,07/06/2025,13:30:00,0.004,4441.014,1.2754,8173.071,0.0114,1.3034,5.196,251.4,-0.919
22734933,701440707,1.75E+12,LP,07/06/2025,13:15:00,0.0029,4441.014,1.7106,8172.752,0.0074,1.7257,6.8821,250.4,-0.979
22734933,701440707,1.75E+12,LP,07/06/2025,13:00:00,0.0051,4441.014,1.3772,8172.326,0.0143,1.4026,5.621,250.1001,-0.91
22734933,701440707,1.75E+12,LP,07/06/2025,12:45:00,0.0074,4441.013,1.5265,8171.981,0.016,1.5414,6.149,250.5,0.542
22734933,701440707,1.75E+12,LP,07/06/2025,12:30:00,0.0054,4441.012,1.9486,8171.599,0.0119,1.9565,7.798,249.2001,0.53
22734933,701440707,1.75E+12,LP,07/06/2025,12:15:00,0.2044,4441.011,2.678,8171.117,0.2151,2.6979,11.643,247.3,-1
22734933,701440707,1.75E+12,LP,07/06/2025,12:00:00,0.248,4440.96,1.1743,8170.448,0.2619,1.2243,6.003,247.6001,-1
22734933,701440707,1.75E+12,LP,07/06/2025,11:45:00,0.1262,4440.899,1.1378,8170.156,0.1528,1.2002,5.453,247.6001,-0.911
22734933,701440707,1.75E+12,LP,07/06/2025,11:30:00,0.6735,4440.871,0.2945,8169.875,0.7049,0.327,4.21,245.7001,-0.961
22734933,701440707,1.75E+12,LP,07/06/2025,11:15:00,0.0016,4440.704,2.7164,8169.805,0.0047,2.7282,10.835,250,-0.998
22734933,701440707,1.75E+12,LP,07/06/2025,11:00:00,0.006,4440.704,1.8025,8169.125,0.0145,1.8107,7.269,248.4,-0.996
22734933,701440707,1.75E+12,LP,07/06/2025,10:45:00,0.0018,4440.703,2.5209,8168.678,0.0057,2.5409,10.188,247.4,-0.998
22734933,701440707,1.75E+12,LP,07/06/2025,10:30:00,0.0018,4440.703,2.3941,8168.046,0.0053,2.4043,9.609,248.9,-0.814
22734933,701440707,1.75E+12,LP,07/06/2025,10:15:00,0.0227,4440.703,2.2984,8167.4491,0.0473,2.336,9.529,248.1001,-0.999
22734933,701440707,1.75E+12,LP,07/06/2025,10:00:00,0.0022,4440.6991,2.9844,8166.8731,0.008,3.0052,12.143,247.7001,-0.992
22734933,701440707,1.75E+12,LP,07/06/2025,09:45:00,0.002,4440.6991,2.5152,8166.126,0.0051,2.528,10.163,247,-0.985
22734933,701440707,1.75E+12,LP,07/06/2025,09:30:00,0,4440.6991,2.8008,8165.4981,0,2.807,11.345,246.2001,-0.93
22734933,701440707,1.75E+12,LP,07/06/2025,09:15:00,0,4440.6991,2.4584,8164.799,0,2.4649,9.9951,245.5,-0.99
22734933,701440707,1.75E+12,LP,07/06/2025,09:00:00,0.0298,4440.6991,1.3285,8164.184,0.0745,1.3635,5.851,244.6001,-1
22734933,701440707,1.75E+12,LP,07/06/2025,08:45:00,0.0148,4440.692,1.1769,8163.853,0.0395,1.2304,5.222,242,-0.979
22734933,701440707,1.75E+12,LP,07/06/2025,08:30:00,0.014,4440.6901,1.081,8163.56,0.0244,1.1272,4.779,240.6001,-0.968
22734933,701440707,1.75E+12,LP,07/06/2025,08:15:00,0.2112,4440.687,0.4967,8163.29,0.2617,0.5408,3.349,239.5,-0.936
22734933,701440707,1.75E+12,LP,07/06/2025,08:00:00,0.4188,4440.635,0.0949,8163.1681,0.5124,0.1304,2.685,239.4,0.834
22734933,701440707,1.75E+12,LP,07/06/2025,07:45:00,0.0378,4440.532,0.1675,8163.146,0.0505,0.359,1.697,241.2001,0.87
22734933,701440707,1.75E+12,LP,07/06/2025,07:30:00,0.4893,4440.523,0.0001,8163.1051,0.6475,0.0077,2.723,240.5,-0.024
22734933,701440707,1.75E+12,LP,07/06/2025,07:15:00,0.7647,4440.401,0.0244,8163.1051,0.8489,0.0545,3.777,239.7001,0.915
22734933,701440707,1.75E+12,LP,07/06/2025,07:00:00,0.0456,4440.21,0,8163.099,0.079,0,0.329,239.5,0.581
22734933,701440707,1.75E+12,LP,07/06/2025,06:45:00,0.7618,4439.964,0.059,8163.099,0.8318,0.092,3.8971,236.4,0.9511
22734933,701440707,1.75E+12,LP,07/06/2025,06:30:00,0,4439.774,0.1305,8163.084,0,0.2756,1.167,236.1001,-0.635
22734933,701440707,1.75E+12,LP,07/06/2025,06:15:00,0.2399,4439.774,0.0204,8163.051,0.3123,0.12,1.832,236.7001,-0.283
22734933,701440707,1.75E+12,LP,07/06/2025,06:00:00,0.0577,4439.714,0,8163.0471,0.0663,0,0.28,237.1001,0.971
22734933,701440707,1.75E+12,LP,07/06/2025,05:45:00,0.3143,4439.6991,0,8163.0471,0.3386,0,1.445,236,0.895
22734933,701440707,1.75E+12,LP,07/06/2025,05:30:00,0.314,4439.62,0,8163.0471,0.3425,0,1.448,236.7001,0.867
22734933,701440707,1.75E+12,LP,07/06/2025,05:15:00,0.0446,4439.542,0,8163.0471,0.0512,0,0.215,238.6001,0.857
22734933,701440707,1.75E+12,LP,07/06/2025,05:00:00,0.333,4439.531,0,8163.0471,0.3531,0,1.499,237.4,0.891
22734933,701440707,1.75E+12,LP,07/06/2025,04:45:00,0.2577,4439.448,0,8163.0471,0.2731,0,1.155,237.4,0.889
22734933,701440707,1.75E+12,LP,07/06/2025,04:30:00,0.1405,4439.384,0,8163.0471,0.152,0,0.64,237.7001,0.9461
22734933,701440707,1.75E+12,LP,07/06/2025,04:15:00,0.341,4439.348,0,8163.0471,0.362,0,1.5211,239.3,0.892
22734933,701440707,1.75E+12,LP,07/06/2025,04:00:00,0.3128,4439.263,0,8163.0471,0.3333,0,1.3981,239.6001,0.85
22734933,701440707,1.75E+12,LP,07/06/2025,03:45:00,0.0448,4439.185,0,8163.0471,0.0516,0,0.215,239.9,0.862
22734933,701440707,1.75E+12,LP,07/06/2025,03:30:00,0.3538,4439.174,0,8163.0471,0.3767,0,1.584,239,0.872
22734933,701440707,1.75E+12,LP,07/06/2025,03:15:00,0.3468,4439.085,0,8163.0471,0.3703,0,1.549,239.3,0.853
22734933,701440707,1.75E+12,LP,07/06/2025,03:00:00,0.3279,4438.9981,0,8163.0471,0.3486,0,1.465,239.2001,0.894
22734933,701440707,1.75E+12,LP,07/06/2025,02:45:00,0.095,4438.916,0,8163.0471,0.1034,0,0.435,238.7001,0.9471
22734933,701440707,1.75E+12,LP,07/06/2025,02:30:00,0.3375,4438.892,0,8163.0471,0.3583,0,1.5091,238.7001,0.9491
22734933,701440707,1.75E+12,LP,07/06/2025,02:15:00,0.3735,4438.807,0,8163.0471,0.3995,0,1.686,238.8,0.863
22734933,701440707,1.75E+12,LP,07/06/2025,02:00:00,0.374,4438.713,0,8163.0471,0.3976,0,1.678,238,0.84
22734933,701440707,1.75E+12,LP,07/06/2025,01:45:00,0.1065,4438.619,0,8163.0471,0.1159,0,0.487,238.6001,0.859
22734933,701440707,1.75E+12,LP,07/06/2025,01:30:00,0.3981,4438.593,0,8163.0471,0.422,0,1.78,237,0.9501
22734933,701440707,1.75E+12,LP,07/06/2025,01:15:00,0.4275,4438.493,0,8163.0471,0.4492,0,1.9181,234.5,0.861
22734933,701440707,1.75E+12,LP,07/06/2025,01:00:00,0.4158,4438.385,0,8163.0471,0.4405,0,1.883,234.9,0.839
22734933,701440707,1.75E+12,LP,07/06/2025,00:45:00,0.3865,4438.281,0,8163.0471,0.4063,0,1.742,235.6001,0.881
22734933,701440707,1.75E+12,LP,07/06/2025,00:30:00,0.3067,4438.185,0,8163.0471,0.3314,0,1.423,233.7001,0.9531
22734933,701440707,1.75E+12,LP,07/06/2025,00:15:00,0.3338,4438.109,0,8163.0471,0.3531,0,1.496,238,0.9551
22734933,701440707,1.75E+12,LP,07/06/2025,00:00:00,0.4282,4438.0251,0,8163.0471,0.4537,0,1.922,236.7001,0.9491
22734933,701440707,1.75E+12,LP,06/06/2025,23:45:00,0.4268,4437.918,0,8163.0471,0.45,0,1.905,237.2001,0.9521
22734933,701440707,1.75E+12,LP,06/06/2025,23:30:00,0.4408,4437.812,0,8163.0471,0.4656,0,1.974,237.9,0.9511
22734933,701440707,1.75E+12,LP,06/06/2025,23:15:00,0.5474,4437.702,0,8163.0471,0.5802,0,2.443,238.4,0.9521
22734933,701440707,1.75E+12,LP,06/06/2025,23:00:00,0.6123,4437.564,0,8163.0471,0.6435,0,2.725,236.9,0.885
22734933,701440707,1.75E+12,LP,06/06/2025,22:45:00,1.0923,4437.412,0,8163.0471,1.145,0,4.869,235.1001,0.9571
22734933,701440707,1.75E+12,LP,06/06/2025,22:30:00,0.2,4437.139,0,8163.0471,0.228,0,0.9571,238.7001,0.9391
22734933,701440707,1.75E+12,LP,06/06/2025,22:15:00,0.0183,4437.088,0,8163.0471,0.0344,0,0.1431,239.4,0.539
22734933,701440707,1.75E+12,LP,06/06/2025,22:00:00,0.0183,4437.084,0,8163.0471,0.0344,0,0.1441,238.2001,0.525
22734933,701440707,1.75E+12,LP,06/06/2025,21:45:00,0.0182,4437.079,0,8163.0471,0.0344,0,0.145,238,0.536
22734933,701440707,1.75E+12,LP,06/06/2025,21:30:00,0.0183,4437.075,0,8163.0471,0.0345,0,0.1441,239.1001,0.549
22734933,701440707,1.75E+12,LP,06/06/2025,21:15:00,0.0182,4437.07,0,8163.0471,0.0345,0,0.145,237.9,0.532
22734933,701440707,1.75E+12,LP,06/06/2025,21:00:00,0.0185,4437.0651,0,8163.0471,0.0346,0,0.1441,239.6001,0.533
22734933,701440707,1.75E+12,LP,06/06/2025,20:45:00,0.0183,4437.061,0,8163.0471,0.0346,0,0.145,238.2001,0.533
22734933,701440707,1.75E+12,LP,06/06/2025,20:30:00,0.0183,4437.0561,0,8163.0471,0.0344,0,0.1431,239.1001,0.531
22734933,701440707,1.75E+12,LP,06/06/2025,20:15:00,0.0185,4437.052,0,8163.0471,0.0345,0,0.1441,240.1001,0.538
22734933,701440707,1.75E+12,LP,06/06/2025,20:00:00,0.0185,4437.0471,0,8163.0471,0.0347,0,0.1441,241.2001,0.537
22734933,701440707,1.75E+12,LP,06/06/2025,19:45:00,0.0185,4437.042,0,8163.0471,0.0347,0,0.1441,241,0.531
22734933,701440707,1.75E+12,LP,06/06/2025,19:30:00,0.5165,4437.0381,0,8163.0471,0.5334,0,2.2761,237.4,0.534
22734933,701440707,1.75E+12,LP,06/06/2025,19:15:00,0.5917,4436.909,0,8163.0471,0.616,0,2.607,237.1001,0.989
22734933,701440707,1.75E+12,LP,06/06/2025,19:00:00,0.0181,4436.76,0,8163.0471,0.0288,0,0.121,237.3,0.627
22734933,701440707,1.75E+12,LP,06/06/2025,18:45:00,0.0195,4436.756,0,8163.0471,0.0296,0,0.124,238.2001,0.642
22734933,701440707,1.75E+12,LP,06/06/2025,18:30:00,0.0182,4436.751,0,8163.0471,0.0288,0,0.12,238.5,0.639
22734933,701440707,1.75E+12,LP,06/06/2025,18:15:00,0.0181,4436.746,0,8163.0471,0.0286,0,0.121,236.5,0.5751
22734933,701440707,1.75E+12,LP,06/06/2025,18:00:00,0.0183,4436.742,0,8163.0471,0.0285,0,0.1191,239,0.66
22734933,701440707,1.75E+12,LP,06/06/2025,17:45:00,0.0183,4436.737,0,8163.0471,0.0289,0,0.12,239.8,0.643
22734933,701440707,1.75E+12,LP,06/06/2025,17:30:00,0.0187,4436.733,0,8163.0471,0.029,0,0.1191,243.3,0.651
22734933,701440707,1.75E+12,LP,06/06/2025,17:15:00,0.0185,4436.728,0,8163.0471,0.029,0,0.1191,243,0.631
22734933,701440707,1.75E+12,LP,06/06/2025,17:00:00,0.0187,4436.723,0,8163.0471,0.029,0,0.1191,243.3,0.651
22734933,701440707,1.75E+12,LP,06/06/2025,16:45:00,0.0185,4436.719,0,8163.0471,0.0289,0,0.1191,241.9,0.643
22734933,701440707,1.75E+12,LP,06/06/2025,16:30:00,0.0183,4436.714,0,8163.0471,0.0289,0,0.121,238.6001,0.641
22734933,701440707,1.75E+12,LP,06/06/2025,16:15:00,0.0185,4436.709,0,8163.0471,0.029,0,0.12,240.9,0.601
22734933,701440707,1.75E+12,LP,06/06/2025,16:00:00,0.0185,4436.705,0,8163.0471,0.0284,0,0.1181,240.3,0.658
22734933,701440707,1.75E+12,LP,06/06/2025,15:45:00,0.0185,4436.7,0,8163.0471,0.029,0,0.12,241.3,0.648
22734933,701440707,1.75E+12,LP,06/06/2025,15:30:00,0.0187,4436.695,0,8163.0471,0.0296,0,0.122,242,0.651
22734933,701440707,1.75E+12,LP,06/06/2025,15:15:00,0.0187,4436.691,0,8163.0471,0.0298,0,0.123,241.9,0.629
22734933,701440707,1.75E+12,LP,06/06/2025,15:00:00,0.0185,4436.686,0,8163.0471,0.029,0,0.121,239.9,0.644
22734933,701440707,1.75E+12,LP,06/06/2025,14:45:00,0.0183,4436.6811,0,8163.0471,0.0293,0,0.123,237.6001,0.65
22734933,701440707,1.75E+12,LP,06/06/2025,14:30:00,0.0185,4436.677,0,8163.0471,0.0296,0,0.124,238.2001,0.622
22734933,701440707,1.75E+12,LP,06/06/2025,14:15:00,0.0185,4436.6721,0,8163.0471,0.029,0,0.121,238.8,0.624
22734933,701440707,1.75E+12,LP,06/06/2025,14:00:00,0.0187,4436.668,0,8163.0471,0.0289,0,0.1191,241.1001,0.639
22734933,701440707,1.75E+12,LP,06/06/2025,13:45:00,0.0187,4436.6631,0,8163.0471,0.0293,0,0.121,241,0.651
22734933,701440707,1.75E+12,LP,06/06/2025,13:30:00,0.0187,4436.658,0,8163.0471,0.0291,0,0.121,240.9,0.632
22734933,701440707,1.75E+12,LP,06/06/2025,13:15:00,0.0187,4436.654,0,8163.0471,0.029,0,0.12,241.1001,0.64
22734933,701440707,1.75E+12,LP,06/06/2025,13:00:00,0.019,4436.649,0,8163.0471,0.0295,0,0.12,246,0.641
22734933,701440707,1.75E+12,LP,06/06/2025,12:45:00,0.019,4436.644,0,8163.0471,0.0289,0,0.117,245.5,0.643
22734933,701440707,1.75E+12,LP,06/06/2025,12:30:00,0.019,4436.639,0,8163.0471,0.029,0,0.1181,246.1001,0.663
22734933,701440707,1.75E+12,LP,06/06/2025,12:15:00,0.0192,4436.635,0,8163.0471,0.0295,0,0.1181,248.6001,0.653
22734933,701440707,1.75E+12,LP,06/06/2025,12:00:00,0.0193,4436.63,0,8163.0471,0.0293,0,0.117,248.4,0.649
22734933,701440707,1.75E+12,LP,06/06/2025,11:45:00,0.019,4436.625,0,8163.0471,0.029,0,0.1181,246.3,0.667
22734933,701440707,1.75E+12,LP,06/06/2025,11:30:00,0.019,4436.62,0,8163.0471,0.029,0,0.1181,246,0.672
22734933,701440707,1.75E+12,LP,06/06/2025,11:15:00,0.0187,4436.615,0,8163.0471,0.0286,0,0.1181,242,0.642
22734933,701440707,1.75E+12,LP,06/06/2025,11:00:00,0.0193,4436.611,0,8163.0471,0.0302,0,0.123,243.6001,0.651
22734933,701440707,1.75E+12,LP,06/06/2025,10:45:00,1.316,4436.606,0,8163.0471,1.3359,0,5.587,239.3,0.608
22734933,701440707,1.75E+12,LP,06/06/2025,10:30:00,4.9615,4436.278,0,8163.0471,4.9819,0,21.3301,233.6001,0.99
22734933,701440707,1.75E+12,LP,06/06/2025,10:15:00,2.1998,4435.039,0,8163.0471,2.2339,0,9.606,235.1001,0.99
22734933,701440707,1.75E+12,LP,06/06/2025,10:00:00,0.137,4434.487,0,8163.0471,0.1458,0,0.612,240,0.648
22734933,701440707,1.75E+12,LP,06/06/2025,09:45:00,3.2576,4434.454,0,8163.0471,3.2687,0,14.047,232.6001,0.996
22734933,701440707,1.75E+12,LP,06/06/2025,09:30:00,3.2087,4433.64,0,8163.0471,3.2208,0,14.001,230,0.996
22734933,701440707,1.75E+12,LP,06/06/2025,09:15:00,3.202,4432.838,0,8163.0471,3.2147,0,13.946,230.5,0.996
22734933,701440707,1.75E+12,LP,06/06/2025,09:00:00,2.9425,4432.037,0,8163.0471,2.9577,0,12.839,230.7001,0.996
22734933,701440707,1.75E+12,LP,06/06/2025,08:45:00,0.0162,4431.302,0,8163.0471,0.0255,0,0.108,235.3,0.636
22734933,701440707,1.75E+12,LP,06/06/2025,08:30:00,0.0162,4431.298,0,8163.0471,0.0253,0,0.107,234,0.64
22734933,701440707,1.75E+12,LP,06/06/2025,08:15:00,0.016,4431.294,0,8163.0471,0.0249,0,0.107,232.7001,0.633
22734933,701440707,1.75E+12,LP,06/06/2025,08:00:00,0.0204,4431.29,0,8163.0471,0.0323,0,0.137,234.8,0.645
22734933,701440707,1.75E+12,LP,06/06/2025,07:30:00,0.0164,4431.287,0,8163.0471,0.0251,0,0.106,236.2001,0.65
22734933,701440707,1.75E+12,LP,06/06/2025,07:15:00,0.0164,4431.283,0,8163.0471,0.025,0,0.105,237.3,0.648
22734933,701440707,1.75E+12,LP,06/06/2025,07:00:00,0.4438,4431.279,0,8163.0471,0.4701,0,1.998,236.4,0.661
22734933,701440707,1.75E+12,LP,06/06/2025,06:45:00,0.3344,4431.168,0,8163.0471,0.3618,0,1.5351,235.6001,0.9471
22734933,701440707,1.75E+12,LP,06/06/2025,06:30:00,0.5795,4431.084,0,8163.0471,0.6154,0,2.633,235.7001,0.9481
22734933,701440707,1.75E+12,LP,06/06/2025,06:15:00,0.0164,4430.939,0,8163.0471,0.025,0,0.1041,238.4,0.674
22734933,701440707,1.75E+12,LP,06/06/2025,06:00:00,0.018,4430.935,0,8163.0471,0.0268,0,0.111,241.6001,0.657
22734933,701440707,1.75E+12,LP,06/06/2025,05:45:00,0.02,4430.93,0,8163.0471,0.0296,0,0.123,238.9,0.673
22734933,701440707,1.75E+12,LP,06/06/2025,05:30:00,0.0679,4430.925,0,8163.0471,0.079,0,0.334,237.1001,0.656
22734933,701440707,1.75E+12,LP,06/06/2025,05:15:00,0.3002,4430.908,0,8163.0471,0.3234,0,1.361,238.3,0.8211
22734933,701440707,1.75E+12,LP,06/06/2025,05:00:00,0.2905,4430.8331,0,8163.0471,0.3117,0,1.312,238.5,0.8311
22734933,701440707,1.75E+12,LP,06/06/2025,04:45:00,0.045,4430.761,0,8163.0471,0.055,0,0.229,240.1001,0.81
22734933,701440707,1.75E+12,LP,06/06/2025,04:30:00,0.2881,4430.75,0,8163.0471,0.3105,0,1.297,240.3,0.8141
22734933,701440707,1.75E+12,LP,06/06/2025,04:15:00,0.312,4430.678,0,8163.0471,0.336,0,1.401,241,0.8201
22734933,701440707,1.75E+12,LP,06/06/2025,04:00:00,0.2786,4430.6,0,8163.0471,0.3002,0,1.25,241,0.833
22734933,701440707,1.75E+12,LP,06/06/2025,03:45:00,0.1142,4430.53,0,8163.0471,0.1322,0,0.549,242.2001,0.9391
22734933,701440707,1.75E+12,LP,06/06/2025,03:30:00,0.322,4430.502,0,8163.0471,0.352,0,1.461,241.8,0.805
22734933,701440707,1.75E+12,LP,06/06/2025,03:15:00,0.3543,4430.421,0,8163.0471,0.3857,0,1.604,241.3,0.8271
22734933,701440707,1.75E+12,LP,06/06/2025,03:00:00,0.2888,4430.332,0,8163.0471,0.3135,0,1.297,242.5,0.8191
22734933,701440707,1.75E+12,LP,06/06/2025,02:45:00,0.0722,4430.261,0,8163.0471,0.0838,0,0.3461,242.7001,0.9391
22734933,701440707,1.75E+12,LP,06/06/2025,02:30:00,0.3585,4430.242,0,8163.0471,0.3862,0,1.604,241.3,0.8191
22734933,701440707,1.75E+12,LP,06/06/2025,02:15:00,0.3463,4430.152,0,8163.0471,0.3738,0,1.553,241.4,0.8261
22734933,701440707,1.75E+12,LP,06/06/2025,02:00:00,0.3688,4430.066,0,8163.0471,0.396,0,1.6521,241,0.8221
22734933,701440707,1.75E+12,LP,06/06/2025,01:45:00,0.2119,4429.973,0,8163.0471,0.232,0,0.9571,243.9,0.8151
22734933,701440707,1.75E+12,LP,06/06/2025,01:30:00,0.2512,4429.921,0,8163.0471,0.2781,0,1.1501,242.6001,0.935
22734933,701440707,1.75E+12,LP,06/06/2025,01:15:00,0.3859,4429.858,0,8163.0471,0.4143,0,1.726,241.2001,0.8261
22734933,701440707,1.75E+12,LP,06/06/2025,01:00:00,0.4489,4429.761,0,8163.0471,0.4822,0,1.994,242.4,0.8291
22734933,701440707,1.75E+12,LP,06/06/2025,00:45:00,0.3682,4429.649,0,8163.0471,0.3949,0,1.645,241.1001,0.811
22734933,701440707,1.75E+12,LP,06/06/2025,00:30:00,0.3643,4429.557,0,8163.0471,0.3918,0,1.639,239.6001,0.782
22734933,701440707,1.75E+12,LP,06/06/2025,00:15:00,0.2348,4429.466,0,8163.0471,0.256,0,1.068,240,0.9411
22734933,701440707,1.75E+12,LP,06/06/2025,00:00:00,0.3107,4429.408,0,8163.0471,0.333,0,1.3921,238.6001,0.9431
22734933,701440707,1.75E+12,LP,05/06/2025,23:45:00,0.4158,4429.33,0,8163.0471,0.4449,0,1.872,238.7001,0.9471
22734933,701440707,1.75E+12,LP,05/06/2025,23:30:00,0.5118,4429.226,0,8163.0471,0.551,0,2.2961,241,0.809
22734933,701440707,1.75E+12,LP,05/06/2025,23:15:00,0.5969,4429.099,0,8163.0471,0.6397,0,2.6631,241.4,0.9431
22734933,701440707,1.75E+12,LP,05/06/2025,23:00:00,1.0722,4428.95,0,8163.0471,1.1455,0,4.753,241,0.9481
22734933,701440707,1.75E+12,LP,05/06/2025,22:45:00,0.0531,4428.6811,0,8163.0471,0.0687,0,0.2841,242.3,0.89
22734933,701440707,1.75E+12,LP,05/06/2025,22:30:00,0.0187,4428.668,0,8163.0471,0.0296,0,0.123,241.5,0.632
22734933,701440707,1.75E+12,LP,05/06/2025,22:15:00,0.0187,4428.6631,0,8163.0471,0.029,0,0.12,240.7001,0.636
22734933,701440707,1.75E+12,LP,05/06/2025,22:00:00,0.0187,4428.658,0,8163.0471,0.029,0,0.12,240.7001,0.636
22734933,701440707,1.75E+12,LP,05/06/2025,21:45:00,0.0187,4428.654,0,8163.0471,0.0295,0,0.122,240.3,0.619
22734933,701440707,1.75E+12,LP,05/06/2025,21:30:00,0.0185,4428.649,0,8163.0471,0.029,0,0.122,238.7001,0.633
22734933,701440707,1.75E+12,LP,05/06/2025,21:15:00,0.0187,4428.644,0,8163.0471,0.029,0,0.12,241,0.646
22734933,701440707,1.75E+12,LP,05/06/2025,21:00:00,0.0187,4428.64,0,8163.0471,0.029,0,0.12,241.5,0.649
22734933,701440707,1.75E+12,LP,05/06/2025,20:45:00,0.0187,4428.635,0,8163.0471,0.0293,0,0.122,240.9,0.644
22734933,701440707,1.75E+12,LP,05/06/2025,20:30:00,0.0187,4428.63,0,8163.0471,0.0291,0,0.121,240.8,0.636
22734933,701440707,1.75E+12,LP,05/06/2025,20:15:00,0.0187,4428.626,0,8163.0471,0.029,0,0.1191,241.7001,0.64
22734933,701440707,1.75E+12,LP,05/06/2025,20:00:00,0.0187,4428.621,0,8163.0471,0.0293,0,0.121,241.9,0.651
22734933,701440707,1.75E+12,LP,05/06/2025,19:45:00,0.0185,4428.616,0,8163.0471,0.0291,0,0.121,239.7001,0.635
22734933,701440707,1.75E+12,LP,05/06/2025,19:30:00,0.0185,4428.612,0,8163.0471,0.0289,0,0.121,237.5,0.629
22734933,701440707,1.75E+12,LP,05/06/2025,19:15:00,0.0185,4428.607,0,8163.0471,0.0288,0,0.121,237.2001,0.639
22734933,701440707,1.75E+12,LP,05/06/2025,19:00:00,0.0183,4428.602,0,8163.0471,0.0288,0,0.121,236.5,0.642
22734933,701440707,1.75E+12,LP,05/06/2025,18:45:00,0.0185,4428.598,0,8163.0471,0.0286,0,0.121,237.2001,0.631
22734933,701440707,1.75E+12,LP,05/06/2025,18:30:00,0.579,4428.593,0,8163.0471,0.5905,0,2.521,236.1001,0.642
22734933,701440707,1.75E+12,LP,05/06/2025,18:15:00,1.6583,4428.4491,0,8163.0471,1.675,0,7.21,232.3,0.991
22734933,701440707,1.75E+12,LP,05/06/2025,18:00:00,2.3166,4428.035,0,8163.0471,2.335,0,10.183,230.3,0.985
22734933,701440707,1.75E+12,LP,05/06/2025,17:45:00,3.2063,4427.456,0,8163.0471,3.2174,0,13.9371,230.8,0.996
22734933,701440707,1.75E+12,LP,05/06/2025,17:30:00,3.2035,4426.654,0,8163.0471,3.2153,0,14.0141,229.4,0.996
22734933,701440707,1.75E+12,LP,05/06/2025,17:15:00,0.5987,4425.854,0,8163.0471,0.6125,0,2.669,236.3,0.996
22734933,701440707,1.75E+12,LP,05/06/2025,17:00:00,0.0188,4425.702,0,8163.0471,0.0293,0,0.122,239.5,0.63
22734933,701440707,1.75E+12,LP,05/06/2025,16:45:00,0.052,4425.697,0,8163.0471,0.0699,0,0.291,239.7001,1
22734933,701440707,1.75E+12,LP,05/06/2025,16:30:00,0.052,4425.684,0,8163.0471,0.07,0,0.292,239.8,0.737
22734933,701440707,1.75E+12,LP,05/06/2025,16:15:00,0.0512,4425.671,0,8163.0471,0.0689,0,0.29,237.5,0.741
22734933,701440707,1.75E+12,LP,05/06/2025,16:00:00,0.0507,4425.658,0,8163.0471,0.0683,0,0.289,235.9,0.746
22734933,701440707,1.75E+12,LP,05/06/2025,15:45:00,0.0516,4425.646,0,8163.0471,0.0693,0,0.29,238.6001,0.74
22734933,701440707,1.75E+12,LP,05/06/2025,15:30:00,0.0519,4425.633,0,8163.0471,0.0697,0,0.291,239.1001,0.744
22734933,701440707,1.75E+12,LP,05/06/2025,15:15:00,0.0535,4425.62,0,8163.0471,0.0717,0,0.294,243.6001,0.742
22734933,701440707,1.75E+12,LP,05/06/2025,15:00:00,0.0529,4425.606,0,8163.0471,0.0709,0,0.294,241.3,0.743
22734933,701440707,1.75E+12,LP,05/06/2025,14:45:00,0.0545,4425.593,0,8163.0471,0.0728,0,0.297,245,0.744
22734933,701440707,1.75E+12,LP,05/06/2025,14:30:00,0.034,4425.579,0,8163.0471,0.0476,0,0.194,245.1001,0.746
22734933,701440707,1.75E+12,LP,05/06/2025,14:15:00,0.0192,4425.571,0,8163.0471,0.0293,0,0.1191,245.6001,0.64
22734933,701440707,1.75E+12,LP,05/06/2025,14:00:00,0.0188,4425.566,0,8163.0471,0.0291,0,0.12,241.7001,0.645
22734933,701440707,1.75E+12,LP,05/06/2025,13:45:00,0.0742,4425.561,0,8163.0471,0.0872,0,0.357,242.4,0.632
22734933,701440707,1.75E+12,LP,05/06/2025,13:30:00,0.1764,4425.543,0,8163.0471,0.1947,0,0.792,245.5,0.878
22734933,701440707,1.75E+12,LP,05/06/2025,13:15:00,0.1769,4425.499,0,8163.0471,0.195,0,0.793,245.6001,0.905
22734933,701440707,1.75E+12,LP,05/06/2025,13:00:00,0.1775,4425.454,0,8163.0471,0.1962,0,0.792,247.7001,0.88
22734933,701440707,1.75E+12,LP,05/06/2025,12:45:00,0.1775,4425.41,0,8163.0471,0.1962,0,0.799,245.4,0.877
22734933,701440707,1.75E+12,LP,05/06/2025,12:30:00,0.0198,4425.366,0,8163.0471,0.0296,0,0.121,244.4,0.923
22734933,701440707,1.75E+12,LP,05/06/2025,12:15:00,0.0187,4425.361,0,8163.0471,0.0284,0,0.117,242.1001,0.666
22734933,701440707,1.75E+12,LP,05/06/2025,12:00:00,0.0187,4425.356,0,8163.0471,0.0284,0,0.117,242.3,0.672
22734933,701440707,1.75E+12,LP,05/06/2025,11:45:00,0.0187,4425.351,0,8163.0471,0.0289,0,0.1181,244.3,0.651
22734933,701440707,1.75E+12,LP,05/06/2025,11:30:00,2.4134,4425.347,0,8163.0471,2.4261,0,10.243,238.5,0.632
22734933,701440707,1.75E+12,LP,05/06/2025,11:15:00,3.301,4424.744,0,8163.0471,3.313,0,14.004,236.5,0.996
22734933,701440707,1.75E+12,LP,05/06/2025,11:00:00,3.2647,4423.919,0,8163.0471,3.277,0,13.996,234.1001,0.999
22734933,701440707,1.75E+12,LP,05/06/2025,10:45:00,3.2897,4423.103,0,8163.0471,3.3012,0,13.932,236.9,0.995
22734933,701440707,1.75E+12,LP,05/06/2025,10:30:00,2.3205,4422.281,0,8163.0471,2.3349,0,9.805,240.2001,0.996
22734933,701440707,1.75E+12,LP,05/06/2025,10:15:00,0.2428,4421.702,0,8163.0471,0.2503,0,1.041,244.1001,0.641
22734933,701440707,1.75E+12,LP,05/06/2025,10:00:00,0.6809,4421.6411,0,8163.0471,0.6953,0,2.924,241.6001,0.996
22734933,701440707,1.75E+12,LP,05/06/2025,09:45:00,0.0164,4421.4711,0,8163.0471,0.0253,0,0.105,240.8,0.632
22734933,701440707,1.75E+12,LP,05/06/2025,09:30:00,0.0166,4421.466,0,8163.0471,0.0255,0,0.1041,243.5,0.66
22734933,701440707,1.75E+12,LP,05/06/2025,09:15:00,0.0166,4421.462,0,8163.0471,0.0253,0,0.1031,243.9,0.648
22734933,701440707,1.75E+12,LP,05/06/2025,09:00:00,0.0164,4421.4581,0,8163.0471,0.025,0,0.1041,241.2001,0.658
22734933,701440707,1.75E+12,LP,05/06/2025,08:45:00,0.0162,4421.454,0,8163.0471,0.0248,0,0.1041,236.9,0.658
22734933,701440707,1.75E+12,LP,05/06/2025,08:30:00,0.0165,4421.45,0,8163.0471,0.0256,0,0.106,241.3,0.594
22734933,701440707,1.75E+12,LP,05/06/2025,08:15:00,0.0164,4421.446,0,8163.0471,0.0249,0,0.1041,239.2001,0.665
22734933,701440707,1.75E+12,LP,05/06/2025,08:00:00,0.0164,4421.442,0,8163.0471,0.025,0,0.105,239.4,0.654
22734933,701440707,1.75E+12,LP,05/06/2025,07:45:00,0.0162,4421.438,0,8163.0471,0.025,0,0.105,236.6001,0.635
22734933,701440707,1.75E+12,LP,05/06/2025,07:30:00,0.016,4421.433,0,8163.0471,0.0244,0,0.1041,234.7001,0.644
22734933,701440707,1.75E+12,LP,05/06/2025,07:15:00,0.0162,4421.429,0,8163.0471,0.0244,0,0.1021,238.1001,0.661
22734933,701440707,1.75E+12,LP,05/06/2025,07:00:00,0.0162,4421.425,0,8163.0471,0.0246,0,0.1031,238.9,0.663
22734933,701440707,1.75E+12,LP,05/06/2025,06:45:00,0.0162,4421.421,0,8163.0471,0.0246,0,0.1031,239.1001,0.655
22734933,701440707,1.75E+12,LP,05/06/2025,06:30:00,0.0164,4421.417,0,8163.0471,0.0245,0,0.1021,239.3,0.662
22734933,701440707,1.75E+12,LP,05/06/2025,06:15:00,0.0164,4421.4131,0,8163.0471,0.0245,0,0.1021,240.3,0.673
22734933,701440707,1.75E+12,LP,05/06/2025,06:00:00,0.3062,4421.409,0,8163.0471,0.3323,0,1.393,240.1001,0.66
22734933,701440707,1.75E+12,LP,05/06/2025,05:45:00,0.0446,4421.332,0,8163.0471,0.0545,0,0.228,238.5,0.81
22734933,701440707,1.75E+12,LP,05/06/2025,05:30:00,0.2642,4421.321,0,8163.0471,0.2897,0,1.215,239.3,0.799
22734933,701440707,1.75E+12,LP,05/06/2025,05:15:00,0.2513,4421.255,0,8163.0471,0.2717,0,1.154,236.8,0.8221
22734933,701440707,1.75E+12,LP,05/06/2025,05:00:00,0.0634,4421.193,0,8163.0471,0.0748,0,0.317,235.8,0.9501
22734933,701440707,1.75E+12,LP,05/06/2025,04:45:00,0.2812,4421.177,0,8163.0471,0.3037,0,1.286,237.4,0.8161
22734933,701440707,1.75E+12,LP,05/06/2025,04:30:00,0.1609,4421.106,0,8163.0471,0.1769,0,0.743,239.5,0.8251
22734933,701440707,1.75E+12,LP,05/06/2025,04:15:00,0.201,4421.066,0,8163.0471,0.2219,0,0.932,239.1001,0.9431
22734933,701440707,1.75E+12,LP,05/06/2025,04:00:00,0.3228,4421.0161,0,8163.0471,0.3563,0,1.5031,238.9,0.8141
22734933,701440707,1.75E+12,LP,05/06/2025,03:45:00,0.0999,4420.935,0,8163.0471,0.1115,0,0.465,239.5,0.846
22734933,701440707,1.75E+12,LP,05/06/2025,03:30:00,0.2518,4420.911,0,8163.0471,0.2767,0,1.163,239.5,0.9381
22734933,701440707,1.75E+12,LP,05/06/2025,03:15:00,0.3072,4420.847,0,8163.0471,0.3328,0,1.399,238.7001,0.839
22734933,701440707,1.75E+12,LP,05/06/2025,03:00:00,0.3043,4420.771,0,8163.0471,0.3274,0,1.3861,237.4,0.8171
22734933,701440707,1.75E+12,LP,05/06/2025,02:45:00,0.0497,4420.695,0,8163.0471,0.061,0,0.256,238.2001,0.929
22734933,701440707,1.75E+12,LP,05/06/2025,02:30:00,0.3421,4420.682,0,8163.0471,0.366,0,1.554,236.5,0.8301
22734933,701440707,1.75E+12,LP,05/06/2025,02:15:00,0.3135,4420.5961,0,8163.0471,0.3384,0,1.448,235.6001,0.8191
22734933,701440707,1.75E+12,LP,05/06/2025,02:00:00,0.2888,4420.518,0,8163.0471,0.3083,0,1.317,235.8,0.8271
22734933,701440707,1.75E+12,LP,05/06/2025,01:45:00,0.0727,4420.446,0,8163.0471,0.0829,0,0.354,235.7001,0.833
22734933,701440707,1.75E+12,LP,05/06/2025,01:30:00,0.2895,4420.428,0,8163.0471,0.3092,0,1.333,233,0.9521
22734933,701440707,1.75E+12,LP,05/06/2025,01:15:00,0.3451,4420.3551,0,8163.0471,0.37,0,1.551,239,0.8261
22734933,701440707,1.75E+12,LP,05/06/2025,01:00:00,0.3214,4420.269,0,8163.0471,0.3468,0,1.447,241.1001,0.8141
22734933,701440707,1.75E+12,LP,05/06/2025,00:45:00,0.2214,4420.189,0,8163.0471,0.2409,0,1.006,240.8,0.8
22734933,701440707,1.75E+12,LP,05/06/2025,00:30:00,0.2225,4420.133,0,8163.0471,0.2459,0,1.032,239.9,0.9411
22734933,701440707,1.75E+12,LP,05/06/2025,00:15:00,0.4048,4420.078,0,8163.0471,0.4337,0,1.826,237.7001,0.809
22734933,701440707,1.75E+12,LP,05/06/2025,00:00:00,0.3705,4419.977,0,8163.0471,0.396,0,1.68,236.8,0.8271
22734933,701440707,1.75E+12,LP,04/06/2025,23:45:00,0.3615,4419.884,0,8163.0471,0.3868,0,1.6321,238.1001,0.8191
22734933,701440707,1.75E+12,LP,04/06/2025,23:30:00,0.2224,4419.794,0,8163.0471,0.2409,0,1.008,239.6001,0.9391
22734933,701440707,1.75E+12,LP,04/06/2025,23:15:00,0.233,4419.738,0,8163.0471,0.2537,0,1.068,237.9,0.9471
22734933,701440707,1.75E+12,LP,04/06/2025,23:00:00,0.4315,4419.68,0,8163.0471,0.4595,0,1.947,237.2001,0.8
22734933,701440707,1.75E+12,LP,04/06/2025,22:45:00,0.4028,4419.573,0,8163.0471,0.43,0,1.816,236.9,0.8311
22734933,701440707,1.75E+12,LP,04/06/2025,22:30:00,0.494,4419.4711,0,8163.0471,0.5214,0,2.236,235,0.8141
22734933,701440707,1.75E+12,LP,04/06/2025,22:15:00,0.5287,4419.348,0,8163.0471,0.5558,0,2.388,233.7001,0.808
22734933,701440707,1.75E+12,LP,04/06/2025,22:00:00,1.0348,4419.216,0,8163.0471,1.0875,0,4.697,231.6001,0.81
22734933,701440707,1.75E+12,LP,04/06/2025,21:45:00,0.1254,4418.957,0,8163.0471,0.1441,0,0.614,235.4,0.934
22734933,701440707,1.75E+12,LP,04/06/2025,21:30:00,0.0183,4418.925,0,8163.0471,0.0289,0,0.12,238.9,0.642
22734933,701440707,1.75E+12,LP,04/06/2025,21:15:00,0.1568,4418.921,0,8163.0471,0.1737,0,0.72,241,0.643
22734933,701440707,1.75E+12,LP,04/06/2025,21:00:00,0.1879,4418.8821,0,8163.0471,0.2068,0,0.857,241,0.928
22734933,701440707,1.75E+12,LP,04/06/2025,20:45:00,0.1883,4418.835,0,8163.0471,0.2069,0,0.857,241.4,0.927
22734933,701440707,1.75E+12,LP,04/06/2025,20:30:00,0.1884,4418.7881,0,8163.0471,0.2072,0,0.854,242.6001,0.936
22734933,701440707,1.75E+12,LP,04/06/2025,20:15:00,0.1884,4418.741,0,8163.0471,0.2076,0,0.853,243.2001,0.922
22734933,701440707,1.75E+12,LP,04/06/2025,20:00:00,3.4432,4418.693,0,8163.0471,3.4605,0,14.6521,236.1001,1
22734933,701440707,1.75E+12,LP,04/06/2025,19:45:00,3.4442,4417.8331,0,8163.0471,3.4628,0,14.641,236.5,1
22734933,701440707,1.75E+12,LP,04/06/2025,19:30:00,3.3977,4416.972,0,8163.0471,3.4154,0,14.449,236.3,0.996
22734933,701440707,1.75E+12,LP,04/06/2025,19:15:00,3.2028,4416.1231,0,8163.0471,3.2176,0,13.805,233,0.996
22734933,701440707,1.75E+12,LP,04/06/2025,19:00:00,0.9234,4415.322,0,8163.0471,0.9341,0,3.916,241.7001,1
22734933,701440707,1.75E+12,LP,04/06/2025,18:45:00,0.0164,4415.091,0,8163.0471,0.0256,0,0.107,238.6001,0.639
22734933,701440707,1.75E+12,LP,04/06/2025,18:30:00,0.54,4415.087,0,8163.0471,0.5518,0,2.352,236.5,0.644
22734933,701440707,1.75E+12,LP,04/06/2025,18:15:00,1.4829,4414.953,0,8163.0471,1.5024,0,6.426,233.7001,0.987
22734933,701440707,1.75E+12,LP,04/06/2025,18:00:00,1.6783,4414.582,0,8163.0471,1.6957,0,7.166,236.6001,0.99
22734933,701440707,1.75E+12,LP,04/06/2025,17:45:00,0.2579,4414.162,0,8163.0471,0.277,0,1.168,236.7001,0.985
22734933,701440707,1.75E+12,LP,04/06/2025,17:30:00,0.0162,4414.098,0,8163.0471,0.025,0,0.106,236,0.644
22734933,701440707,1.75E+12,LP,04/06/2025,17:15:00,0.0164,4414.094,0,8163.0471,0.025,0,0.105,237.1001,0.661
22734933,701440707,1.75E+12,LP,04/06/2025,17:00:00,0.0162,4414.09,0,8163.0471,0.0244,0,0.1041,233.9,0.653
22734933,701440707,1.75E+12,LP,04/06/2025,16:45:00,0.0164,4414.086,0,8163.0471,0.0249,0,0.105,237.1001,0.648
22734933,701440707,1.75E+12,LP,04/06/2025,16:30:00,0.0162,4414.081,0,8163.0471,0.025,0,0.106,235.4,0.646
22734933,701440707,1.75E+12,LP,04/06/2025,16:15:00,0.0165,4414.077,0,8163.0471,0.0253,0,0.105,240.1001,0.666
22734933,701440707,1.75E+12,LP,04/06/2025,16:00:00,0.0165,4414.073,0,8163.0471,0.0256,0,0.106,239.9,0.657
22734933,701440707,1.75E+12,LP,04/06/2025,15:45:00,0.0165,4414.069,0,8163.0471,0.0258,0,0.107,240.9,0.641
22734933,701440707,1.75E+12,LP,04/06/2025,15:30:00,0.017,4414.0651,0,8163.0471,0.0261,0,0.11,237.1001,0.656
22734933,701440707,1.75E+12,LP,04/06/2025,15:15:00,0.0203,4414.061,0,8163.0471,0.0313,0,0.131,238.2001,0.672
22734933,701440707,1.75E+12,LP,04/06/2025,14:45:00,0.0187,4414.052,0,8163.0471,0.029,0,0.122,238.9,0.635
22734933,701440707,1.75E+12,LP,04/06/2025,14:30:00,0.0185,4414.048,0,8163.0471,0.0283,0,0.1181,238.3,0.657
22734933,701440707,1.75E+12,LP,04/06/2025,14:15:00,0.0187,4414.043,0,8163.0471,0.0289,0,0.12,239.3,0.665
22734933,701440707,1.75E+12,LP,04/06/2025,14:00:00,0.019,4414.0381,0,8163.0471,0.029,0,0.1191,243.5,0.64
22734933,701440707,1.75E+12,LP,04/06/2025,13:45:00,0.019,4414.034,0,8163.0471,0.0289,0,0.1181,243.8,0.656
22734933,701440707,1.75E+12,LP,04/06/2025,13:30:00,0.0187,4414.029,0,8163.0471,0.0286,0,0.1191,240.8,0.659
22734933,701440707,1.75E+12,LP,04/06/2025,13:15:00,0.0188,4414.024,0,8163.0471,0.029,0,0.1191,243.3,0.665
22734933,701440707,1.75E+12,LP,04/06/2025,13:00:00,0.5086,4414.019,0,8163.0471,0.5214,0,2.177,237.7001,0.651
22734933,701440707,1.75E+12,LP,04/06/2025,12:45:00,1.7175,4413.893,0,8163.0471,1.736,0,7.2251,240.3,0.99
22734933,701440707,1.75E+12,LP,04/06/2025,12:30:00,0.2139,4413.463,0,8163.0471,0.2363,0,0.975,244,0.983
22734933,701440707,1.75E+12,LP,04/06/2025,12:15:00,0.0187,4413.409,0,8163.0471,0.0285,0,0.1181,241.5,0.646
22734933,701440707,1.75E+12,LP,04/06/2025,12:00:00,0.0185,4413.404,0,8163.0471,0.0284,0,0.1181,240.1001,0.654
22734933,701440707,1.75E+12,LP,04/06/2025,11:45:00,0.0185,4413.4001,0,8163.0471,0.0283,0,0.117,239.9,0.653
22734933,701440707,1.75E+12,LP,04/06/2025,11:30:00,0.0187,4413.395,0,8163.0471,0.0284,0,0.117,242.8,0.679
22734933,701440707,1.75E+12,LP,04/06/2025,11:15:00,0.0187,4413.39,0,8163.0471,0.0291,0,0.12,242.1001,0.657
22734933,701440707,1.75E+12,LP,04/06/2025,11:00:00,0.0185,4413.386,0,8163.0471,0.0285,0,0.1191,239.8,0.65
22734933,701440707,1.75E+12,LP,04/06/2025,10:45:00,0.0185,4413.381,0,8163.0471,0.0284,0,0.1181,240.5,0.658
22734933,701440707,1.75E+12,LP,04/06/2025,10:30:00,2.1943,4413.376,0,8163.0471,2.1985,0,9.266,237.9,0.664
22734933,701440707,1.75E+12,LP,04/06/2025,10:15:00,3.2867,4412.829,0,8163.0471,3.2995,0,13.898,237.4,0.995
22734933,701440707,1.75E+12,LP,04/06/2025,10:00:00,1.0808,4412.008,0,8163.0471,1.0953,0,4.654,238.1001,0.996
22734933,701440707,1.75E+12,LP,04/06/2025,09:45:00,0.0164,4411.736,0,8163.0471,0.025,0,0.1041,239.7001,0.654
22734933,701440707,1.75E+12,LP,04/06/2025,09:30:00,0.0166,4411.732,0,8163.0471,0.0253,0,0.1041,241.7001,0.656
22734933,701440707,1.75E+12,LP,04/06/2025,09:15:00,0.0166,4411.728,0,8163.0471,0.0251,0,0.1041,242.1001,0.661
22734933,701440707,1.75E+12,LP,04/06/2025,09:00:00,0.0164,4411.724,0,8163.0471,0.025,0,0.105,237.8,0.672
22734933,701440707,1.75E+12,LP,04/06/2025,08:45:00,0.0165,4411.72,0,8163.0471,0.0253,0,0.105,241.1001,0.657
22734933,701440707,1.75E+12,LP,04/06/2025,08:30:00,0.0165,4411.715,0,8163.0471,0.0253,0,0.105,240.6001,0.662
22734933,701440707,1.75E+12,LP,04/06/2025,08:15:00,0.0164,4411.711,0,8163.0471,0.0253,0,0.105,240.1001,0.653
22734933,701440707,1.75E+12,LP,04/06/2025,08:00:00,0.0164,4411.707,0,8163.0471,0.025,0,0.105,237.9,0.658
22734933,701440707,1.75E+12,LP,04/06/2025,07:45:00,0.0164,4411.703,0,8163.0471,0.025,0,0.1041,238.1001,0.653
22734933,701440707,1.75E+12,LP,04/06/2025,07:30:00,0.0162,4411.6991,0,8163.0471,0.0245,0,0.1041,236.5,0.665
22734933,701440707,1.75E+12,LP,04/06/2025,07:15:00,0.0162,4411.695,0,8163.0471,0.0244,0,0.1031,236.8,0.654
22734933,701440707,1.75E+12,LP,04/06/2025,07:00:00,0.0162,4411.691,0,8163.0471,0.0249,0,0.1041,237.7001,0.653
22734933,701440707,1.75E+12,LP,04/06/2025,06:45:00,0.0162,4411.687,0,8163.0471,0.0246,0,0.1031,237.4,0.656
22734933,701440707,1.75E+12,LP,04/06/2025,06:30:00,0.0177,4411.683,0,8163.0471,0.0268,0,0.112,239.5,0.654
22734933,701440707,1.75E+12,LP,04/06/2025,06:15:00,0.0223,4411.678,0,8163.0471,0.0316,0,0.131,240.2001,0.655
22734933,701440707,1.75E+12,LP,04/06/2025,06:00:00,0.1227,4411.673,0,8163.0471,0.1355,0,0.5721,238.6001,0.8271
22734933,701440707,1.75E+12,LP,04/06/2025,05:45:00,0.246,4411.642,0,8163.0471,0.271,0,1.147,238.3,0.9471
22734933,701440707,1.75E+12,LP,04/06/2025,05:30:00,0.3199,4411.58,0,8163.0471,0.346,0,1.441,240.4,0.806
22734933,701440707,1.75E+12,LP,04/06/2025,05:15:00,0.0436,4411.5,0,8163.0471,0.0536,0,0.227,236.4,0.8231
22734933,701440707,1.75E+12,LP,04/06/2025,05:00:00,0.3135,4411.4891,0,8163.0471,0.3366,0,1.43,236.9,0.801
22734933,701440707,1.75E+12,LP,04/06/2025,04:45:00,0.2522,4411.41,0,8163.0471,0.2732,0,1.149,239.1001,0.811
22734933,701440707,1.75E+12,LP,04/06/2025,04:30:00,0.1135,4411.348,0,8163.0471,0.1272,0,0.535,239.2001,0.9421
22734933,701440707,1.75E+12,LP,04/06/2025,04:15:00,0.3177,4411.319,0,8163.0471,0.3471,0,1.46,239.1001,0.8131
22734933,701440707,1.75E+12,LP,04/06/2025,04:00:00,0.2032,4411.2391,0,8163.0471,0.2204,0,0.931,238.1001,0.8191
22734933,701440707,1.75E+12,LP,04/06/2025,03:45:00,0.1722,4411.189,0,8163.0471,0.189,0,0.798,237.8,0.9431
22734933,701440707,1.75E+12,LP,04/06/2025,03:30:00,0.333,4411.145,0,8163.0471,0.357,0,1.508,237.3,0.798
22734933,701440707,1.75E+12,LP,04/06/2025,03:15:00,0.3405,4411.062,0,8163.0471,0.3672,0,1.555,237.2001,0.8161
22734933,701440707,1.75E+12,LP,04/06/2025,03:00:00,0.3363,4410.977,0,8163.0471,0.359,0,1.526,236.7001,0.8191
22734933,701440707,1.75E+12,LP,04/06/2025,02:45:00,0.1543,4410.893,0,8163.0471,0.1682,0,0.714,236.5,0.804
22734933,701440707,1.75E+12,LP,04/06/2025,02:30:00,0.2164,4410.8551,0,8163.0471,0.2349,0,0.999,236.3,0.9481
22734933,701440707,1.75E+12,LP,04/06/2025,02:15:00,0.3128,4410.8,0,8163.0471,0.334,0,1.421,238.8,0.8181
22734933,701440707,1.75E+12,LP,04/06/2025,02:00:00,0.3448,4410.722,0,8163.0471,0.3732,0,1.544,242.4,0.791
22734933,701440707,1.75E+12,LP,04/06/2025,01:45:00,0.3546,4410.636,0,8163.0471,0.3819,0,1.584,242.1001,0.803
22734933,701440707,1.75E+12,LP,04/06/2025,01:30:00,0.3373,4410.5471,0,8163.0471,0.3638,0,1.516,241.2001,0.8131
22734933,701440707,1.75E+12,LP,04/06/2025,01:15:00,0.3356,4410.463,0,8163.0471,0.361,0,1.497,241.9,0.811
22734933,701440707,1.75E+12,LP,04/06/2025,01:00:00,0.3385,4410.379,0,8163.0471,0.3643,0,1.5271,240.8,0.783
22734933,701440707,1.75E+12,LP,04/06/2025,00:45:00,0.3578,4410.294,0,8163.0471,0.3839,0,1.617,239.4,0.8281
22734933,701440707,1.75E+12,LP,04/06/2025,00:30:00,0.3623,4410.205,0,8163.0471,0.391,0,1.637,239.9,0.8241
22734933,701440707,1.75E+12,LP,04/06/2025,00:15:00,0.3369,4410.1141,0,8163.0471,0.36,0,1.5051,240.1001,0.8171
22734933,701440707,1.75E+12,LP,04/06/2025,00:00:00,0.3812,4410.03,0,8163.0471,0.4116,0,1.699,242.5,0.805
22734933,701440707,1.75E+12,LP,03/06/2025,23:45:00,0.3768,4409.935,0,8163.0471,0.4063,0,1.681,242.7001,0.805
22734933,701440707,1.75E+12,LP,03/06/2025,23:30:00,0.4523,4409.841,0,8163.0471,0.4843,0,2,243.3,0.803
22734933,701440707,1.75E+12,LP,03/06/2025,23:15:00,0.6457,4409.729,0,8163.0471,0.6949,0,2.849,244.5,0.9391
22734933,701440707,1.75E+12,LP,03/06/2025,23:00:00,0.6973,4409.567,0,8163.0471,0.7501,0,3.078,244.4,0.933
22734933,701440707,1.75E+12,LP,03/06/2025,22:45:00,0.7915,4409.392,0,8163.0471,0.859,0,3.536,243.1001,0.9381
22734933,701440707,1.75E+12,LP,03/06/2025,22:30:00,0.0185,4409.194,0,8163.0471,0.0289,0,0.1191,241.4,0.641
22734933,701440707,1.75E+12,LP,03/06/2025,22:15:00,0.0185,4409.1901,0,8163.0471,0.0291,0,0.12,241.1001,0.644
22734933,701440707,1.75E+12,LP,03/06/2025,22:00:00,0.0185,4409.185,0,8163.0471,0.029,0,0.12,240.7001,0.634
22734933,701440707,1.75E+12,LP,03/06/2025,21:45:00,0.0183,4409.18,0,8163.0471,0.0293,0,0.122,240.4,0.638
22734933,701440707,1.75E+12,LP,03/06/2025,21:30:00,0.0907,4409.176,0,8163.0471,0.1055,0,0.443,237.4,0.637
22734933,701440707,1.75E+12,LP,03/06/2025,21:15:00,0.1857,4409.153,0,8163.0471,0.203,0,0.862,235.4,0.932
22734933,701440707,1.75E+12,LP,03/06/2025,21:00:00,0.1865,4409.107,0,8163.0471,0.2039,0,0.863,236.3,0.894
22734933,701440707,1.75E+12,LP,03/06/2025,20:45:00,0.1874,4409.06,0,8163.0471,0.2054,0,0.86,238.6001,0.891
22734933,701440707,1.75E+12,LP,03/06/2025,20:30:00,0.1885,4409.013,0,8163.0471,0.2077,0,0.87,238.5,0.93
22734933,701440707,1.75E+12,LP,03/06/2025,20:15:00,0.0204,4408.966,0,8163.0471,0.0322,0,0.135,237.4,0.891
22734933,701440707,1.75E+12,LP,03/06/2025,20:00:00,0.0193,4408.961,0,8163.0471,0.0308,0,0.129,236.7001,0.624
22734933,701440707,1.75E+12,LP,03/06/2025,19:45:00,0.0195,4408.956,0,8163.0471,0.0308,0,0.13,236.5,0.625
22734933,701440707,1.75E+12,LP,03/06/2025,19:30:00,0.0195,4408.951,0,8163.0471,0.0308,0,0.13,237.1001,0.629
22734933,701440707,1.75E+12,LP,03/06/2025,19:15:00,0.0193,4408.946,0,8163.0471,0.031,0,0.131,235.9,0.611
22734933,701440707,1.75E+12,LP,03/06/2025,19:00:00,0.0193,4408.941,0,8163.0471,0.0308,0,0.131,235.1001,0.627
22734933,701440707,1.75E+12,LP,03/06/2025,18:45:00,0.0195,4408.937,0,8163.0471,0.031,0,0.131,236.4,0.618
22734933,701440707,1.75E+12,LP,03/06/2025,18:30:00,0.021,4408.932,0,8163.0471,0.0333,0,0.14,236.9,0.631
22734933,701440707,1.75E+12,LP,03/06/2025,18:15:00,0.0213,4408.926,0,8163.0471,0.0335,0,0.1411,237.8,0.641
22734933,701440707,1.75E+12,LP,03/06/2025,18:00:00,1.2171,4408.921,0,8163.0471,1.2371,0,5.178,239.3,0.588
22734933,701440707,1.75E+12,LP,03/06/2025,17:45:00,1.4769,4408.617,0,8163.0471,1.4967,0,6.306,237.3,0.987
22734933,701440707,1.75E+12,LP,03/06/2025,17:30:00,1.4842,4408.2481,0,8163.0471,1.5051,0,6.339,237.4,0.986
22734933,701440707,1.75E+12,LP,03/06/2025,17:15:00,1.6252,4407.877,0,8163.0471,1.6449,0,6.891,238.7001,0.985
22734933,701440707,1.75E+12,LP,03/06/2025,17:00:00,1.4864,4407.4711,0,8163.0471,1.5074,0,6.353,237.2001,0.987
22734933,701440707,1.75E+12,LP,03/06/2025,16:45:00,1.4957,4407.099,0,8163.0471,1.5168,0,6.3901,237.3,0.987
22734933,701440707,1.75E+12,LP,03/06/2025,16:30:00,1.4997,4406.725,0,8163.0471,1.5202,0,6.409,237.2001,0.986
22734933,701440707,1.75E+12,LP,03/06/2025,16:15:00,1.4977,4406.35,0,8163.0471,1.5177,0,6.393,237.3,0.987
22734933,701440707,1.75E+12,LP,03/06/2025,16:00:00,1.5082,4405.976,0,8163.0471,1.5285,0,6.42,238,0.988
22734933,701440707,1.75E+12,LP,03/06/2025,15:45:00,1.512,4405.599,0,8163.0471,1.533,0,6.43,238.4,0.987
22734933,701440707,1.75E+12,LP,03/06/2025,15:30:00,1.7687,4405.2211,0,8163.0471,1.7868,0,7.4431,240,0.987
22734933,701440707,1.75E+12,LP,03/06/2025,15:15:00,1.461,4404.779,0,8163.0471,1.489,0,6.1771,240.8,0.989
22734933,701440707,1.75E+12,LP,03/06/2025,15:00:00,0.0187,4404.4131,0,8163.0471,0.0285,0,0.117,244.4,0.646
22734933,701440707,1.75E+12,LP,03/06/2025,14:45:00,0.0185,4404.409,0,8163.0471,0.0284,0,0.117,241.2001,0.66
22734933,701440707,1.75E+12,LP,03/06/2025,14:30:00,0.0187,4404.404,0,8163.0471,0.0288,0,0.1181,243.7001,0.67
22734933,701440707,1.75E+12,LP,03/06/2025,14:15:00,0.0188,4404.399,0,8163.0471,0.029,0,0.1181,245.6001,0.638
22734933,701440707,1.75E+12,LP,03/06/2025,14:00:00,0.2987,4404.395,0,8163.0471,0.3095,0,1.2731,245.7001,0.657
22734933,701440707,1.75E+12,LP,03/06/2025,13:45:00,3.2373,4404.319,0,8163.0471,3.2503,0,13.724,236.8,1
22734933,701440707,1.75E+12,LP,03/06/2025,13:30:00,0.0188,4403.509,0,8163.0471,0.0289,0,0.1181,244,0.669
22734933,701440707,1.75E+12,LP,03/06/2025,13:15:00,0.0188,4403.504,0,8163.0471,0.029,0,0.1181,244.1001,0.646
22734933,701440707,1.75E+12,LP,03/06/2025,13:00:00,0.019,4403.5,0,8163.0471,0.0289,0,0.1181,244.2001,0.657
22734933,701440707,1.75E+12,LP,03/06/2025,12:45:00,0.0188,4403.495,0,8163.0471,0.0286,0,0.117,244.3,0.655
22734933,701440707,1.75E+12,LP,03/06/2025,12:30:00,0.0185,4403.49,0,8163.0471,0.0284,0,0.1181,240.7001,0.663
22734933,701440707,1.75E+12,LP,03/06/2025,12:15:00,0.0187,4403.486,0,8163.0471,0.0288,0,0.1181,242.8,0.648
22734933,701440707,1.75E+12,LP,03/06/2025,12:00:00,0.019,4403.481,0,8163.0471,0.0295,0,0.1191,246.5,0.629
22734933,701440707,1.75E+12,LP,03/06/2025,11:45:00,0.0187,4403.476,0,8163.0471,0.029,0,0.1191,243.2001,0.636
22734933,701440707,1.75E+12,LP,03/06/2025,11:30:00,1.2907,4403.4711,0,8163.0471,1.2982,0,5.518,238.1001,0.657
22734933,701440707,1.75E+12,LP,03/06/2025,11:15:00,3.2617,4403.149,0,8163.0471,3.273,0,13.922,235,1
22734933,701440707,1.75E+12,LP,03/06/2025,11:00:00,3.2773,4402.334,0,8163.0471,3.2892,0,14.012,234.7001,0.996
22734933,701440707,1.75E+12,LP,03/06/2025,10:45:00,3.2315,4401.515,0,8163.0471,3.2439,0,13.912,233.1001,0.996
22734933,701440707,1.75E+12,LP,03/06/2025,10:30:00,2.6823,4400.707,0,8163.0471,2.6956,0,11.579,233.6001,0.996
22734933,701440707,1.75E+12,LP,03/06/2025,10:15:00,0.836,4400.036,0,8163.0471,0.8504,0,3.565,239.4,0.653
22734933,701440707,1.75E+12,LP,03/06/2025,10:00:00,1.6966,4399.827,0,8163.0471,1.7146,0,7.323,234.1001,0.989
22734933,701440707,1.75E+12,LP,03/06/2025,09:45:00,0.3209,4399.403,0,8163.0471,0.34,0,1.436,238.4,0.994
22734933,701440707,1.75E+12,LP,03/06/2025,09:30:00,0.0164,4399.322,0,8163.0471,0.0251,0,0.105,237.8,0.648
22734933,701440707,1.75E+12,LP,03/06/2025,09:15:00,0.0162,4399.318,0,8163.0471,0.0253,0,0.106,236.6001,0.649
22734933,701440707,1.75E+12,LP,03/06/2025,09:00:00,0.0162,4399.314,0,8163.0471,0.0248,0,0.105,235.3,0.639
22734933,701440707,1.75E+12,LP,03/06/2025,08:45:00,0.016,4399.31,0,8163.0471,0.0248,0,0.106,233.9,0.642
22734933,701440707,1.75E+12,LP,03/06/2025,08:30:00,0.016,4399.3061,0,8163.0471,0.0248,0,0.106,234.1001,0.644
22734933,701440707,1.75E+12,LP,03/06/2025,08:15:00,0.0159,4399.302,0,8163.0471,0.0245,0,0.105,233.1001,0.648
22734933,701440707,1.75E+12,LP,03/06/2025,08:00:00,0.016,4399.298,0,8163.0471,0.0245,0,0.1041,234.1001,0.649
22734933,701440707,1.75E+12,LP,03/06/2025,07:45:00,0.016,4399.294,0,8163.0471,0.0243,0,0.1041,233.3,0.642
22734933,701440707,1.75E+12,LP,03/06/2025,07:30:00,0.016,4399.29,0,8163.0471,0.0244,0,0.1041,235.4,0.657
22734933,701440707,1.75E+12,LP,03/06/2025,07:15:00,0.0067,4399.286,0.296,8163.0471,0.0099,0.3243,1.379,241.2001,0.673
22734933,701440707,1.75E+12,LP,03/06/2025,07:00:00,0,4399.284,0.4913,8162.973,0,0.5338,2.211,241.3,-0.962
22734933,701440707,1.75E+12,LP,03/06/2025,06:45:00,0,4399.284,0.2863,8162.85,0,0.3642,1.526,238.5,-0.886
22734933,701440707,1.75E+12,LP,03/06/2025,06:30:00,0,4399.284,0.1189,8162.778,0,0.2786,1.163,239.6001,-0.689
22734933,701440707,1.75E+12,LP,03/06/2025,06:15:00,0.0002,4399.284,0.0167,8162.7481,0.063,0.2012,1.094,241.2001,-0.092
22734933,701440707,1.75E+12,LP,03/06/2025,06:00:00,0.0155,4399.284,0,8162.745,0.0585,0,0.243,240.1001,0.016
22734933,701440707,1.75E+12,LP,03/06/2025,05:45:00,0.2133,4399.28,0,8162.745,0.2325,0,0.972,239.9,0.556
22734933,701440707,1.75E+12,LP,03/06/2025,05:30:00,0.1199,4399.227,0,8162.745,0.1292,0,0.547,235.6001,0.9391
22734933,701440707,1.75E+12,LP,03/06/2025,05:15:00,0.3174,4399.197,0,8162.745,0.338,0,1.432,236.5,0.882
22734933,701440707,1.75E+12,LP,03/06/2025,05:00:00,0.0417,4399.118,0,8162.745,0.0473,0,0.2,236.6001,0.882
22734933,701440707,1.75E+12,LP,03/06/2025,04:45:00,0.3313,4399.107,0,8162.745,0.3516,0,1.498,235.8,0.864
22734933,701440707,1.75E+12,LP,03/06/2025,04:30:00,0.1793,4399.0251,0,8162.745,0.1917,0,0.807,237.5,0.901
22734933,701440707,1.75E+12,LP,03/06/2025,04:15:00,0.1713,4398.9801,0,8162.745,0.1844,0,0.776,239,0.9481
22734933,701440707,1.75E+12,LP,03/06/2025,04:00:00,0.3295,4398.937,0,8162.745,0.351,0,1.475,238.4,0.88
22734933,701440707,1.75E+12,LP,03/06/2025,03:45:00,0.0417,4398.854,0,8162.745,0.047,0,0.196,239.2001,0.894
22734933,701440707,1.75E+12,LP,03/06/2025,03:30:00,0.3178,4398.844,0,8162.745,0.3374,0,1.411,239.6001,0.871
22734933,701440707,1.75E+12,LP,03/06/2025,03:15:00,0.326,4398.764,0,8162.745,0.3471,0,1.452,239.8,0.895
22734933,701440707,1.75E+12,LP,03/06/2025,03:00:00,0.091,4398.683,0,8162.745,0.0994,0,0.4161,240.1001,0.882
22734933,701440707,1.75E+12,LP,03/06/2025,02:45:00,0.2865,4398.66,0,8162.745,0.3052,0,1.285,239.1001,0.9491
22734933,701440707,1.75E+12,LP,03/06/2025,02:30:00,0.3451,4398.589,0,8162.745,0.3665,0,1.544,238.8,0.885
22734933,701440707,1.75E+12,LP,03/06/2025,02:15:00,0.147,4398.502,0,8162.745,0.1577,0,0.664,239.2001,0.879
22734933,701440707,1.75E+12,LP,03/06/2025,02:00:00,0.2252,4398.465,0,8162.745,0.2404,0,1.0131,238.6001,0.9481
22734933,701440707,1.75E+12,LP,03/06/2025,01:45:00,0.3523,4398.409,0,8162.745,0.3802,0,1.581,242.1001,0.875
22734933,701440707,1.75E+12,LP,03/06/2025,01:30:00,0.3363,4398.321,0,8162.745,0.3583,0,1.493,240.6001,0.891
22734933,701440707,1.75E+12,LP,03/06/2025,01:15:00,0.0743,4398.237,0,8162.745,0.0809,0,0.336,240.6001,0.872
22734933,701440707,1.75E+12,LP,03/06/2025,01:00:00,0.3063,4398.218,0,8162.745,0.328,0,1.362,240.6001,0.9471
22734933,701440707,1.75E+12,LP,03/06/2025,00:45:00,0.3396,4398.142,0,8162.745,0.362,0,1.5191,240.3,0.881
22734933,701440707,1.75E+12,LP,03/06/2025,00:30:00,0.3355,4398.057,0,8162.745,0.3607,0,1.5031,241,0.876
22734933,701440707,1.75E+12,LP,03/06/2025,00:15:00,0.3339,4397.973,0,8162.745,0.3538,0,1.487,239.8,0.858
22734933,701440707,1.75E+12,LP,03/06/2025,00:00:00,0.3248,4397.89,0,8162.745,0.3481,0,1.457,239.4,0.866
22734933,701440707,1.75E+12,LP,02/06/2025,23:45:00,0.336,4397.809,0,8162.745,0.3558,0,1.5,239.3,0.866
22734933,701440707,1.75E+12,LP,02/06/2025,23:30:00,0.331,4397.724,0,8162.745,0.3498,0,1.482,236.8,0.886
22734933,701440707,1.75E+12,LP,02/06/2025,23:15:00,0.3643,4397.6411,0,8162.745,0.3854,0,1.6361,237.3,0.865
22734933,701440707,1.75E+12,LP,02/06/2025,23:00:00,0.3653,4397.551,0,8162.745,0.3839,0,1.637,236,0.859
22734933,701440707,1.75E+12,LP,02/06/2025,22:45:00,0.3803,4397.46,0,8162.745,0.4041,0,1.693,239.7001,0.863
22734933,701440707,1.75E+12,LP,02/06/2025,22:30:00,0.5407,4397.365,0,8162.745,0.5703,0,2.396,238.4,0.84
22734933,701440707,1.75E+12,LP,02/06/2025,22:15:00,0.8891,4397.2301,0,8162.745,0.9445,0,3.988,236.5,0.9481
22734933,701440707,1.75E+12,LP,02/06/2025,22:00:00,0.0162,4397.008,0,8162.745,0.03,0,0.127,235.3,0.543
22734933,701440707,1.75E+12,LP,02/06/2025,21:45:00,0.0162,4397.004,0,8162.745,0.03,0,0.127,235.1001,0.533
22734933,701440707,1.75E+12,LP,02/06/2025,21:30:00,0.016,4397,0,8162.745,0.0296,0,0.126,233.8,0.538
22734933,701440707,1.75E+12,LP,02/06/2025,21:15:00,0.0162,4396.996,0,8162.745,0.0296,0,0.125,234.8,0.533
22734933,701440707,1.75E+12,LP,02/06/2025,21:00:00,0.0165,4396.992,0,8162.745,0.0303,0,0.125,240.7001,0.543
22734933,701440707,1.75E+12,LP,02/06/2025,20:45:00,0.1474,4396.988,0,8162.745,0.1685,0,0.7001,240.6001,0.542
22734933,701440707,1.75E+12,LP,02/06/2025,20:30:00,0.186,4396.951,0,8162.745,0.2094,0,0.872,240,0.904
22734933,701440707,1.75E+12,LP,02/06/2025,20:15:00,0.1872,4396.904,0,8162.745,0.2117,0,0.874,242.1001,0.911
22734933,701440707,1.75E+12,LP,02/06/2025,20:00:00,0.0544,4396.857,0,8162.745,0.0704,0,0.294,240.5,0.883
22734933,701440707,1.75E+12,LP,02/06/2025,19:45:00,0.0167,4396.844,0,8162.745,0.0305,0,0.126,240.7001,0.542
22734933,701440707,1.75E+12,LP,02/06/2025,19:30:00,0.0166,4396.84,0,8162.745,0.0305,0,0.127,239.8,0.549
22734933,701440707,1.75E+12,LP,02/06/2025,19:15:00,0.0167,4396.835,0,8162.745,0.0305,0,0.127,240.4,0.542
22734933,701440707,1.75E+12,LP,02/06/2025,19:00:00,0.0166,4396.831,0,8162.745,0.0302,0,0.126,238.6001,0.544
22734933,701440707,1.75E+12,LP,02/06/2025,18:45:00,0.0302,4396.827,0,8162.745,0.1983,0,0.84,236.5,0.55
22734933,701440707,1.75E+12,LP,02/06/2025,18:30:00,0.0335,4396.819,0,8162.745,0.2614,0,1.106,236.3,0.134
22734933,701440707,1.75E+12,LP,02/06/2025,18:15:00,0.0049,4396.811,0.003,8162.745,0.1824,0.0758,1.09,236.9,0.099
22734933,701440707,1.75E+12,LP,02/06/2025,18:00:00,0,4396.81,0.0572,8162.7441,0,0.274,1.124,243.6001,-0.061
22734933,701440707,1.75E+12,LP,02/06/2025,17:45:00,0,4396.81,0.153,8162.7301,0,0.2937,1.222,240.3,-0.305
22734933,701440707,1.75E+12,LP,02/06/2025,17:30:00,0,4396.81,0.2558,8162.691,0,0.3533,1.456,242.3,-0.612
22734933,701440707,1.75E+12,LP,02/06/2025,17:15:00,0,4396.81,0.4009,8162.6281,0,0.4584,1.8941,242,-0.812
22734933,701440707,1.75E+12,LP,02/06/2025,17:00:00,0,4396.81,0.6575,8162.527,0,0.688,2.822,243.3,-0.942
22734933,701440707,1.75E+12,LP,02/06/2025,16:45:00,0,4396.81,0.772,8162.363,0,0.7957,3.2641,243.5,-0.979
22734933,701440707,1.75E+12,LP,02/06/2025,16:30:00,0,4396.81,0.8817,8162.17,0,0.9004,3.71,242.5,-0.969
22734933,701440707,1.75E+12,LP,02/06/2025,16:15:00,0,4396.81,1.4244,8161.95,0,1.4325,5.884,243.2001,-0.984
22734933,701440707,1.75E+12,LP,02/06/2025,16:00:00,0,4396.81,1.9637,8161.594,0,1.9699,8.0401,244.8,-0.993
22734933,701440707,1.75E+12,LP,02/06/2025,15:45:00,0,4396.81,1.7857,8161.103,0,1.7908,7.285,245.2001,-1
22734933,701440707,1.75E+12,LP,02/06/2025,15:30:00,0,4396.81,2.3279,8160.657,0,2.3341,9.432,246.8,-1
22734933,701440707,1.75E+12,LP,02/06/2025,15:15:00,0.002,4396.81,1.4835,8160.076,0.0066,1.4962,6.101,245.4,-0.998
22734933,701440707,1.75E+12,LP,02/06/2025,15:00:00,0,4396.81,2.8129,8159.707,0,2.8182,11.284,249.1001,-0.995
22734933,701440707,1.75E+12,LP,02/06/2025,14:45:00,0,4396.81,2.4174,8159.0031,0,2.4225,10.019,240.9,-0.991
22734933,701440707,1.75E+12,LP,02/06/2025,14:30:00,0,4396.81,3.5809,8158.399,0,3.5837,14.5,247,-1
22734933,701440707,1.75E+12,LP,02/06/2025,14:15:00,0,4396.81,3.7165,8157.504,0,3.72,14.96,248.5,-0.998
22734933,701440707,1.75E+12,LP,02/06/2025,14:00:00,0.3308,4396.81,1.4937,8156.575,0.3755,1.5194,7.668,245.2001,-0.998
22734933,701440707,1.75E+12,LP,02/06/2025,13:45:00,0.0027,4396.729,2.2096,8156.202,0.007,2.2246,8.897,248.7001,-0.992
22734933,701440707,1.75E+12,LP,02/06/2025,13:30:00,0.0055,4396.729,1.9199,8155.6501,0.0122,1.9284,7.713,249.3,-0.999
22734933,701440707,1.75E+12,LP,02/06/2025,13:15:00,0.0238,4396.729,2.2753,8155.174,0.0342,2.2961,9.224,249.5,-0.953
22734933,701440707,1.75E+12,LP,02/06/2025,13:00:00,0.0448,4396.723,1.9387,8154.6051,0.0619,1.9569,8.058,247.7001,-1
22734933,701440707,1.75E+12,LP,02/06/2025,12:45:00,0.0625,4396.713,1.6897,8154.121,0.0787,1.6983,7.0681,248.8,-1
22734933,701440707,1.75E+12,LP,02/06/2025,12:30:00,0,4396.698,2.2534,8153.6991,0,2.2725,9.09,246.8,-0.996
22734933,701440707,1.75E+12,LP,02/06/2025,12:15:00,0.0177,4396.698,1.7817,8153.136,0.0282,1.802,7.323,249.2001,-0.99
22734933,701440707,1.75E+12,LP,02/06/2025,12:00:00,0.0043,4396.694,1.8095,8152.691,0.0118,1.8336,7.345,248.2001,-0.975
22734933,701440707,1.75E+12,LP,02/06/2025,11:45:00,0.0016,4396.693,3.0929,8152.2391,0.003,3.0987,12.422,246.3,0.544
22734933,701440707,1.75E+12,LP,02/06/2025,11:30:00,0.0004,4396.693,2.7882,8151.466,0.0027,2.8014,11.398,245.2001,-0.996
22734933,701440707,1.75E+12,LP,02/06/2025,11:15:00,0.0015,4396.693,3.9265,8150.771,0.0027,3.9331,15.82,247.8,0.547
22734933,701440707,1.75E+12,LP,02/06/2025,11:00:00,0.0024,4396.693,2.7078,8149.787,0.0067,2.7159,10.957,246.2001,-0.951
22734933,701440707,1.75E+12,LP,02/06/2025,10:45:00,0.484,4396.693,1.4724,8149.111,0.4988,1.486,8.1651,240.6001,-0.999
22734933,701440707,1.75E+12,LP,02/06/2025,10:30:00,0.1431,4396.573,1.0039,8148.743,0.1538,1.0752,4.984,246.6001,-0.953
22734933,701440707,1.75E+12,LP,02/06/2025,10:15:00,0.1592,4396.541,0.9259,8148.495,0.1741,0.9789,4.727,243.7001,0.9501
22734933,701440707,1.75E+12,LP,02/06/2025,10:00:00,0.0015,4396.504,2.0405,8148.2661,0.0043,2.0539,8.289,243.9,-0.988
22734933,701440707,1.75E+12,LP,02/06/2025,09:45:00,0,4396.504,2.9685,8147.7571,0,2.9754,11.965,247.5,-0.998
22734933,701440707,1.75E+12,LP,02/06/2025,09:30:00,0,4396.504,2.686,8147.015,0,2.692,10.875,246.8,-0.995
22734933,701440707,1.75E+12,LP,02/06/2025,09:15:00,0,4396.504,2.1066,8146.343,0,2.1139,8.635,244,-0.946
22734933,701440707,1.75E+12,LP,02/06/2025,09:00:00,0,4396.504,1.9249,8145.816,0,1.933,7.945,242.1001,-0.99
22734933,701440707,1.75E+12,LP,02/06/2025,08:45:00,0,4396.504,1.3858,8145.335,0,1.3989,5.813,238.6001,-0.953
22734933,701440707,1.75E+12,LP,02/06/2025,08:30:00,0,4396.504,1.319,8144.9891,0,1.3329,5.472,242.3,-0.98
22734933,701440707,1.75E+12,LP,02/06/2025,08:15:00,0,4396.504,1.7129,8144.6591,0,1.723,7.1561,239.5,-1
22734933,701440707,1.75E+12,LP,02/06/2025,08:00:00,0,4396.504,1.442,8144.231,0,1.464,6.053,241,-0.977
22734933,701440707,1.75E+12,LP,02/06/2025,07:45:00,0,4396.504,0.7831,8143.871,0,0.807,3.3771,238.4,-0.914
22734933,701440707,1.75E+12,LP,02/06/2025,07:30:00,0,4396.504,0.9315,8143.676,0,0.9491,3.948,240.1001,-0.954
22734933,701440707,1.75E+12,LP,02/06/2025,07:15:00,0,4396.504,0.7691,8143.442,0,0.7925,3.27,242.3,-0.983
22734933,701440707,1.75E+12,LP,02/06/2025,07:00:00,0,4396.504,0.2589,8143.25,0,0.353,1.471,239.6001,-0.921
22734933,701440707,1.75E+12,LP,02/06/2025,06:45:00,0,4396.504,0.1818,8143.185,0,0.3033,1.2571,241.2001,-0.568
22734933,701440707,1.75E+12,LP,02/06/2025,06:30:00,0,4396.504,0.1753,8143.14,0,0.3027,1.2531,241.6001,-0.507
22734933,701440707,1.75E+12,LP,02/06/2025,06:15:00,0.0004,4396.504,0.0437,8143.0961,0.0328,0.23,1.098,239.3,-0.342
22734933,701440707,1.75E+12,LP,02/06/2025,06:00:00,0.04,4396.504,0,8143.086,0.064,0,0.266,240,0.028
22734933,701440707,1.75E+12,LP,02/06/2025,05:45:00,0.296,4396.494,0,8143.086,0.3172,0,1.336,238.9,0.889
22734933,701440707,1.75E+12,LP,02/06/2025,05:30:00,0.0459,4396.42,0,8143.086,0.0528,0,0.222,237,0.863
22734933,701440707,1.75E+12,LP,02/06/2025,05:15:00,0.3275,4396.409,0,8143.086,0.3466,0,1.473,236.9,0.884
22734933,701440707,1.75E+12,LP,02/06/2025,05:00:00,0.3224,4396.327,0,8143.086,0.341,0,1.436,238.3,0.886
22734933,701440707,1.75E+12,LP,02/06/2025,04:45:00,0.046,4396.247,0,8143.086,0.0526,0,0.22,238.4,0.852
22734933,701440707,1.75E+12,LP,02/06/2025,04:30:00,0.315,4396.235,0,8143.086,0.335,0,1.4041,239.1001,0.875
22734933,701440707,1.75E+12,LP,02/06/2025,04:15:00,0.2492,4396.157,0,8143.086,0.2674,0,1.115,240.6001,0.874
22734933,701440707,1.75E+12,LP,02/06/2025,04:00:00,0.0625,4396.094,0,8143.086,0.0714,0,0.296,241.2001,0.9461
22734933,701440707,1.75E+12,LP,02/06/2025,03:45:00,0.3223,4396.078,0,8143.086,0.3455,0,1.441,240.6001,0.882
22734933,701440707,1.75E+12,LP,02/06/2025,03:30:00,0.2524,4395.9981,0,8143.086,0.2685,0,1.119,240.9,0.87
22734933,701440707,1.75E+12,LP,02/06/2025,03:15:00,0.8152,4395.935,0,8143.086,0.845,0,3.5341,239,0.9451
22734933,701440707,1.75E+12,LP,02/06/2025,03:00:00,1.082,4395.731,0,8143.086,1.1083,0,4.654,238.6001,0.966
22734933,701440707,1.75E+12,LP,02/06/2025,02:45:00,1.0612,4395.46,0,8143.086,1.0877,0,4.561,238.8,0.968
22734933,701440707,1.75E+12,LP,02/06/2025,02:30:00,0.9111,4395.195,0,8143.086,0.9395,0,3.9331,238.9,0.988
22734933,701440707,1.75E+12,LP,02/06/2025,02:15:00,1.1478,4394.967,0,8143.086,1.1726,0,4.95,237.1001,0.967
22734933,701440707,1.75E+12,LP,02/06/2025,02:00:00,1.1894,4394.68,0,8143.086,1.2138,0,5.1371,236.6001,0.972
22734933,701440707,1.75E+12,LP,02/06/2025,01:45:00,0.9225,4394.3821,0,8143.086,0.9491,0,3.996,237.5,0.971
22734933,701440707,1.75E+12,LP,02/06/2025,01:30:00,1.3109,4394.151,0,8143.086,1.3333,0,5.619,237.5,0.972
22734933,701440707,1.75E+12,LP,02/06/2025,01:15:00,1.2624,4393.823,0,8143.086,1.2862,0,5.429,237,0.975
22734933,701440707,1.75E+12,LP,02/06/2025,01:00:00,1.1366,4393.508,0,8143.086,1.162,0,4.889,237.5,0.975
22734933,701440707,1.75E+12,LP,02/06/2025,00:45:00,1.2394,4393.224,0,8143.086,1.2654,0,5.281,239.7001,0.99
22734933,701440707,1.75E+12,LP,02/06/2025,00:30:00,1.4435,4392.9131,0,8143.086,1.4632,0,6.158,237.9,0.977
22734933,701440707,1.75E+12,LP,02/06/2025,00:15:00,1.4779,4392.553,0,8143.086,1.5,0,6.275,239.3,0.978
22734933,701440707,1.75E+12,LP,02/06/2025,00:00:00,1.5302,4392.183,0,8143.086,1.5504,0,6.574,236.1001,0.98
22734933,701440707,1.75E+12,LP,01/06/2025,23:45:00,1.6002,4391.802,0,8143.086,1.6201,0,6.787,239.3,0.994
22734933,701440707,1.75E+12,LP,01/06/2025,23:30:00,1.7989,4391.401,0,8143.086,1.8197,0,7.601,239.5,0.987
22734933,701440707,1.75E+12,LP,01/06/2025,23:15:00,1.805,4390.951,0,8143.086,1.8235,0,7.627,239.3,0.987
22734933,701440707,1.75E+12,LP,01/06/2025,23:00:00,1.8233,4390.5,0,8143.086,1.8421,0,7.774,237.2001,0.985
22734933,701440707,1.75E+12,LP,01/06/2025,22:45:00,2.0846,4390.044,0,8143.086,2.1009,0,8.799,238.9,0.988
22734933,701440707,1.75E+12,LP,01/06/2025,22:30:00,1.8705,4389.523,0,8143.086,1.8934,0,7.98,238.1001,0.995
22734933,701440707,1.75E+12,LP,01/06/2025,22:15:00,0.0182,4389.054,0,8143.086,0.0346,0,0.145,238.9,0.539
22734933,701440707,1.75E+12,LP,01/06/2025,22:00:00,0.0185,4389.049,0,8143.086,0.0351,0,0.146,240.3,0.53
22734933,701440707,1.75E+12,LP,01/06/2025,21:45:00,0.1373,4389.045,0,8143.086,0.1602,0,0.659,242.5,0.528
22734933,701440707,1.75E+12,LP,01/06/2025,21:30:00,0.1873,4389.011,0,8143.086,0.2118,0,0.888,238.2001,0.907
22734933,701440707,1.75E+12,LP,01/06/2025,21:15:00,0.1874,4388.964,0,8143.086,0.2109,0,0.888,237.4,0.895
22734933,701440707,1.75E+12,LP,01/06/2025,21:00:00,0.1877,4388.917,0,8143.086,0.2119,0,0.883,239.9,0.858
22734933,701440707,1.75E+12,LP,01/06/2025,20:45:00,0.1884,4388.87,0,8143.086,0.2129,0,0.889,239.4,0.91
22734933,701440707,1.75E+12,LP,01/06/2025,20:30:00,0.0762,4388.823,0,8143.086,0.095,0,0.397,239.5,0.858
22734933,701440707,1.75E+12,LP,01/06/2025,20:15:00,0.0894,4388.804,0,8143.086,0.1022,0,0.428,239.7001,0.53
22734933,701440707,1.75E+12,LP,01/06/2025,20:00:00,0.0912,4388.782,0,8143.086,0.106,0,0.444,239.4,0.662
22734933,701440707,1.75E+12,LP,01/06/2025,19:45:00,0.0185,4388.759,0,8143.086,0.0344,0,0.1431,239.5,0.534
22734933,701440707,1.75E+12,LP,01/06/2025,19:30:00,0.0185,4388.755,0,8143.086,0.0346,0,0.1431,242,0.54
22734933,701440707,1.75E+12,LP,01/06/2025,19:15:00,0.0187,4388.75,0,8143.086,0.0345,0,0.1421,243.6001,0.532
22734933,701440707,1.75E+12,LP,01/06/2025,19:00:00,0.0187,4388.745,0,8143.086,0.0346,0,0.1431,242.6001,0.543
22734933,701440707,1.75E+12,LP,01/06/2025,18:45:00,0.0364,4388.741,0,8143.086,0.2605,0,1.075,242.3,0.527
22734933,701440707,1.75E+12,LP,01/06/2025,18:30:00,0.03,4388.732,0,8143.086,0.2696,0,1.1321,238,0.137
22734933,701440707,1.75E+12,LP,01/06/2025,18:15:00,0.0016,4388.724,0.0233,8143.086,0.0874,0.1763,1.103,239,0.0261
22734933,701440707,1.75E+12,LP,01/06/2025,18:00:00,0,4388.724,0.1272,8143.08,0,0.2845,1.179,241.2001,-0.252
22734933,701440707,1.75E+12,LP,01/06/2025,17:45:00,0,4388.724,0.2665,8143.048,0,0.3573,1.479,241.5,-0.574
22734933,701440707,1.75E+12,LP,01/06/2025,17:30:00,0,4388.724,0.391,8142.982,0,0.4502,1.863,241.5,-0.844
22734933,701440707,1.75E+12,LP,01/06/2025,17:15:00,0,4388.724,0.5635,8142.884,0,0.5989,2.488,240.6001,-0.863
22734933,701440707,1.75E+12,LP,01/06/2025,17:00:00,0,4388.724,0.6175,8142.743,0,0.6484,2.7,240,-0.946
22734933,701440707,1.75E+12,LP,01/06/2025,16:45:00,0,4388.724,0.8216,8142.589,0,0.842,3.499,240.6001,-0.947
22734933,701440707,1.75E+12,LP,01/06/2025,16:30:00,0,4388.724,0.9003,8142.384,0,0.916,3.848,237.9,-0.969
22734933,701440707,1.75E+12,LP,01/06/2025,16:15:00,0,4388.724,1.3909,8142.1591,0,1.3992,5.854,238.7001,-0.991
22734933,701440707,1.75E+12,LP,01/06/2025,16:00:00,0,4388.724,1.4722,8141.812,0,1.4805,6.123,241.5,-0.976
22734933,701440707,1.75E+12,LP,01/06/2025,15:45:00,0,4388.724,1.8156,8141.444,0,1.8232,7.457,243.8,-0.993
22734933,701440707,1.75E+12,LP,01/06/2025,15:30:00,0,4388.724,1.6555,8140.991,0,1.6625,6.822,243.1001,-0.995
22734933,701440707,1.75E+12,LP,01/06/2025,15:15:00,0,4388.724,1.8152,8140.577,0,1.8219,7.417,245,-1
22734933,701440707,1.75E+12,LP,01/06/2025,15:00:00,0,4388.724,2.6043,8140.124,0,2.61,10.55,246.8,-0.996
22734933,701440707,1.75E+12,LP,01/06/2025,14:45:00,0,4388.724,2.6465,8139.473,0,2.6518,10.749,246.5,-0.996
22734933,701440707,1.75E+12,LP,01/06/2025,14:30:00,0,4388.724,2.6063,8138.8111,0,2.611,10.552,247.3,-0.988
22734933,701440707,1.75E+12,LP,01/06/2025,14:15:00,0,4388.724,1.8712,8138.1591,0,1.8774,7.774,240.8,-0.998
22734933,701440707,1.75E+12,LP,01/06/2025,14:00:00,0,4388.724,2.4965,8137.691,0,2.5005,10.194,245,-0.997
22734933,701440707,1.75E+12,LP,01/06/2025,13:45:00,0,4388.724,2.8058,8137.068,0,2.8088,11.519,243.2001,-0.999
22734933,701440707,1.75E+12,LP,01/06/2025,13:30:00,0.002,4388.724,2.7349,8136.366,0.0059,2.745,11.0241,247.6001,-1
22734933,701440707,1.75E+12,LP,01/06/2025,13:15:00,0,4388.724,3.66,8135.684,0,3.6647,14.76,247.2001,-0.998
22734933,701440707,1.75E+12,LP,01/06/2025,13:00:00,0,4388.724,0.9,8134.769,0,1.007,4.146,240.1001,-0.994
22734933,701440707,1.75E+12,LP,01/06/2025,12:45:00,0,4388.724,1.799,8134.544,0,1.8399,7.5281,242.8,-0.936
22734933,701440707,1.75E+12,LP,01/06/2025,12:30:00,0.014,4388.724,1.865,8134.094,0.0183,1.9104,7.822,244.4,-0.942
22734933,701440707,1.75E+12,LP,01/06/2025,12:15:00,0,4388.7211,2.7907,8133.627,0,2.8249,11.375,247.4,-0.932
22734933,701440707,1.75E+12,LP,01/06/2025,12:00:00,0.0032,4388.7211,1.8216,8132.9311,0.0057,1.8675,7.606,244.9,-0.9
22734933,701440707,1.75E+12,LP,01/06/2025,11:45:00,0,4388.7211,2.3771,8132.477,0,2.4026,9.778,245.1001,-0.99
22734933,701440707,1.75E+12,LP,01/06/2025,11:30:00,0.0085,4388.7211,0.4654,8131.883,0.029,0.5083,2.196,241.8,-0.992
22734933,701440707,1.75E+12,LP,01/06/2025,11:15:00,0,4388.7211,2.5384,8131.5251,0,2.5442,10.467,242.6001,-0.992
22734933,701440707,1.75E+12,LP,01/06/2025,11:00:00,0,4388.7211,2.3218,8130.889,0,2.3279,9.654,240.9,-0.96
22734933,701440707,1.75E+12,LP,01/06/2025,10:45:00,0.6358,4388.7211,1.103,8130.308,0.6709,1.1075,7.364,240.7001,-0.996
22734933,701440707,1.75E+12,LP,01/06/2025,10:30:00,0.814,4388.563,0.2802,8130.0341,0.8761,0.302,4.954,237.5,0.9551
22734933,701440707,1.75E+12,LP,01/06/2025,10:15:00,0.5985,4388.361,0.4025,8129.9671,0.6711,0.4668,4.638,245.7001,0.963
22734933,701440707,1.75E+12,LP,01/06/2025,10:00:00,0.307,4388.218,1.32,8129.871,0.334,1.3364,6.748,246.1001,0.937
22734933,701440707,1.75E+12,LP,01/06/2025,09:45:00,0.0027,4388.142,2.0371,8129.542,0.007,2.0478,8.176,250.6001,0.515
22734933,701440707,1.75E+12,LP,01/06/2025,09:30:00,0,4388.142,2.0154,8129.032,0,2.0219,8.2,245.8,-0.997
22734933,701440707,1.75E+12,LP,01/06/2025,09:15:00,0,4388.142,2.0955,8128.528,0,2.101,8.596,244.1001,-0.999
22734933,701440707,1.75E+12,LP,01/06/2025,09:00:00,0,4388.142,2.2738,8128.004,0,2.2775,9.3,243.9,-0.994
22734933,701440707,1.75E+12,LP,01/06/2025,08:45:00,0,4388.142,2.4065,8127.435,0,2.4154,9.866,243.3,-0.999
22734933,701440707,1.75E+12,LP,01/06/2025,08:30:00,0,4388.142,2.0325,8126.835,0,2.041,8.287,244.4,-0.99
22734933,701440707,1.75E+12,LP,01/06/2025,08:15:00,0,4388.142,1.5448,8126.326,0,1.5575,6.367,243.6001,-0.972
22734933,701440707,1.75E+12,LP,01/06/2025,08:00:00,0,4388.142,1.4024,8125.941,0,1.4146,5.807,242.8,-0.999
22734933,701440707,1.75E+12,LP,01/06/2025,07:45:00,0,4388.142,0.8269,8125.59,0,0.8485,3.5341,240,-0.986
22734933,701440707,1.75E+12,LP,01/06/2025,07:30:00,0,4388.142,0.5729,8125.384,0,0.6077,2.541,239,-0.984
22734933,701440707,1.75E+12,LP,01/06/2025,07:15:00,0,4388.142,0.5372,8125.241,0,0.5769,2.3931,240.8,-0.902
22734933,701440707,1.75E+12,LP,01/06/2025,07:00:00,0,4388.142,0.3824,8125.106,0,0.4444,1.839,241.5,-0.86
22734933,701440707,1.75E+12,LP,01/06/2025,06:45:00,0,4388.142,0.3638,8125.011,0,0.4295,1.784,240.4,-0.924
22734933,701440707,1.75E+12,LP,01/06/2025,06:30:00,0,4388.142,0.2179,8124.92,0,0.3239,1.351,239.6001,-0.587
22734933,701440707,1.75E+12,LP,01/06/2025,06:15:00,0.0008,4388.142,0.0431,8124.865,0.031,0.2155,1.032,238.7001,-0.436
22734933,701440707,1.75E+12,LP,01/06/2025,06:00:00,0.3525,4388.142,0,8124.8551,0.3889,0,1.629,238.7001,0.054
22734933,701440707,1.75E+12,LP,01/06/2025,05:45:00,0.0426,4388.054,0,8124.8551,0.05,0,0.2081,239.9,0.881
22734933,701440707,1.75E+12,LP,01/06/2025,05:30:00,0.2523,4388.043,0,8124.8551,0.2706,0,1.135,239.7001,0.858
22734933,701440707,1.75E+12,LP,01/06/2025,05:15:00,0.0427,4387.9801,0,8124.8551,0.05,0,0.2081,240.6001,0.838
22734933,701440707,1.75E+12,LP,01/06/2025,05:00:00,0.2719,4387.97,0,8124.8551,0.292,0,1.223,240.4,0.853
22734933,701440707,1.75E+12,LP,01/06/2025,04:45:00,0.0427,4387.902,0,8124.8551,0.05,0,0.2071,241.2001,0.851
22734933,701440707,1.75E+12,LP,01/06/2025,04:30:00,0.2641,4387.8911,0,8124.8551,0.2861,0,1.197,240.1001,0.856
22734933,701440707,1.75E+12,LP,01/06/2025,04:15:00,0.0427,4387.825,0,8124.8551,0.0497,0,0.2051,241.6001,0.858
22734933,701440707,1.75E+12,LP,01/06/2025,04:00:00,0.3138,4387.814,0,8124.8551,0.337,0,1.403,241.2001,0.8261
22734933,701440707,1.75E+12,LP,01/06/2025,03:45:00,0.0427,4387.736,0,8124.8551,0.0499,0,0.2071,240.6001,0.844
22734933,701440707,1.75E+12,LP,01/06/2025,03:30:00,0.2752,4387.725,0,8124.8551,0.299,0,1.2511,240.1001,0.858
22734933,701440707,1.75E+12,LP,01/06/2025,03:15:00,0.0429,4387.656,0,8124.8551,0.0502,0,0.2081,240.8,0.873
22734933,701440707,1.75E+12,LP,01/06/2025,03:00:00,0.2787,4387.646,0,8124.8551,0.3005,0,1.264,239.2001,0.84
22734933,701440707,1.75E+12,LP,01/06/2025,02:45:00,0.0425,4387.576,0,8124.8551,0.0497,0,0.2081,238.4,0.842
22734933,701440707,1.75E+12,LP,01/06/2025,02:30:00,0.1604,4387.5651,0,8124.8551,0.1733,0,0.733,236.7001,0.843
22734933,701440707,1.75E+12,LP,01/06/2025,02:15:00,0.1739,4387.5251,0,8124.8551,0.1874,0,0.793,237,0.9471
22734933,701440707,1.75E+12,LP,01/06/2025,02:00:00,0.108,4387.482,0,8124.8551,0.1182,0,0.499,236.7001,0.8271
22734933,701440707,1.75E+12,LP,01/06/2025,01:45:00,0.2333,4387.455,0,8124.8551,0.257,0,1.084,238.3,0.9461
22734933,701440707,1.75E+12,LP,01/06/2025,01:30:00,0.0422,4387.396,0,8124.8551,0.0495,0,0.2081,237.1001,0.852
22734933,701440707,1.75E+12,LP,01/06/2025,01:15:00,0.3228,4387.386,0,8124.8551,0.3473,0,1.463,238,0.864
22734933,701440707,1.75E+12,LP,01/06/2025,01:00:00,0.0422,4387.3061,0,8124.8551,0.0492,0,0.2071,237.1001,0.846
22734933,701440707,1.75E+12,LP,01/06/2025,00:45:00,0.292,4387.295,0,8124.8551,0.3108,0,1.32,237.6001,0.849
22734933,701440707,1.75E+12,LP,01/06/2025,00:30:00,0.2503,4387.222,0,8124.8551,0.2691,0,1.122,240.2001,0.868
22734933,701440707,1.75E+12,LP,01/06/2025,00:15:00,0.0866,4387.16,0,8124.8551,0.1052,0,0.44,239.4,0.9421
22734933,701440707,1.75E+12,LP,01/06/2025,00:00:00,0.2773,4387.138,0,8124.8551,0.2945,0,1.25,236.4,0.839
